Weight (lbs):,83.91468824559335
,
"velocity (vertical, m/s)",
video,average,min,time of min (ms),max,time of max (ms)
1,0.39,-1.03,2048,0.72,1615
,
"velocity (horizontal, m/s)",
video,average,min,time of min (ms),max,time of max (ms)
1,0.08,-0.21,21115,0.36,25648
,
"velocity (m/s)",
video,average,min,time of min (ms),max,time of max (ms)
1,0.42,0.00,25915,1.04,2048
,
"acceleration (vertical, m/s^2)",
video,average,min,time of min (ms),max,time of max (ms)
1,1.19,-7.37,1881,5.95,981
,
"acceleration (horizontal, m/s^2)",
video,average,min,time of min (ms),max,time of max (ms)
1,0.31,-1.29,1948,1.39,12115
,
"acceleration (m/s^2)",
video,average,min,time of min (ms),max,time of max (ms)
1,1.30,0.00,25915,7.42,1881
,
"displacement (vertical, m)",
video,average,min,time of min (ms),max,time of max (ms)
1,0.00,-0.46,17915,0.03,16280
,
"displacement (horizontal, m)",
video,average,min,time of min (ms),max,time of max (ms)
1,0.07,-0.08,915,0.29,25915
,
"displacement (m)",
video,average,min,time of min (ms),max,time of max (ms)
1,0.21,0.00,0,0.46,17915
,
"power (vertical, kW)",
video,average,min,time of min (ms),max,time of max (ms)
1,0.33,0.00,25915,0.62,1581
,
"power (horizontal, kW)",
video,average,min,time of min (ms),max,time of max (ms)
1,0.00,0.00,25915,0.02,25181
,
"power (kW)",
video,average,min,time of min (ms),max,time of max (ms)
1,0.33,0.00,25915,0.62,1581
,
"force (vertical, kN)",
video,average,min,time of min (ms),max,time of max (ms)
1,0.82,0.20,1881,1.32,981
,
"force (horizontal, kN)",
video,average,min,time of min (ms),max,time of max (ms)
1,0.05,0.00,25915,0.12,12115
,
"force (kN)",
video,average,min,time of min (ms),max,time of max (ms)
1,0.82,0.20,1881,1.32,981
,
Frame number,Time (s),"velocity (vertical, m/s)","velocity (horizontal, m/s)","velocity (m/s)","acceleration (vertical, m/s^2)","acceleration (horizontal, m/s^2)","acceleration (m/s^2)","displacement (vertical, m)","displacement (horizontal, m)","displacement (m)","power (vertical, kW)","power (horizontal, kW)","power (kW)","force (vertical, kN)","force (horizontal, kN)","force (kN)"
1,0.00,0.00,0.00,0.00,0.00,0.00,0.00,0.00,0.00,0.00,0.00,0.00,0.00,0.82,0.00,0.82
2,0.01,-0.00,0.00,0.00,0.00,0.00,0.00,0.00,-0.00,0.00,0.00,0.00,0.00,0.82,0.00,0.82
3,0.05,-0.01,0.00,0.01,0.00,0.00,0.00,-0.00,-0.00,0.00,0.00,0.00,0.00,0.82,0.00,0.82
4,0.08,-0.01,-0.00,0.01,0.22,-0.31,0.38,-0.00,0.00,0.00,0.00,0.00,0.00,0.84,0.00,0.84
5,0.12,-0.00,-0.02,0.02,0.00,-0.37,0.37,-0.00,0.00,0.00,0.00,0.00,0.00,0.82,0.00,0.82
6,0.15,-0.01,-0.03,0.03,-0.56,-0.14,0.57,-0.00,-0.00,0.00,0.00,0.00,0.00,0.78,0.00,0.78
7,0.18,-0.04,-0.03,0.05,-1.07,0.05,1.07,-0.00,-0.00,0.00,0.00,0.00,0.00,0.73,0.00,0.73
8,0.21,-0.08,-0.03,0.09,-1.54,-0.06,1.54,-0.00,-0.00,0.00,0.00,0.00,0.00,0.69,0.00,0.69
9,0.25,-0.14,-0.03,0.15,-2.11,-0.39,2.15,-0.01,-0.00,0.01,0.00,0.00,0.00,0.65,0.00,0.65
10,0.28,-0.22,-0.05,0.23,-2.80,-0.60,2.86,-0.01,-0.00,0.01,0.00,0.00,0.00,0.59,0.00,0.59
11,0.32,-0.33,-0.07,0.34,-3.66,-0.61,3.71,-0.02,-0.01,0.02,0.00,0.00,0.00,0.52,0.00,0.52
12,0.35,-0.47,-0.09,0.48,-4.39,-0.57,4.43,-0.03,-0.01,0.03,0.00,0.00,0.00,0.45,0.00,0.45
13,0.38,-0.61,-0.11,0.62,-4.29,-0.44,4.31,-0.05,-0.01,0.05,0.00,0.00,0.00,0.46,0.00,0.46
14,0.41,-0.74,-0.12,0.75,-3.08,-0.38,3.11,-0.07,-0.02,0.07,0.00,0.00,0.00,0.56,0.00,0.56
15,0.45,-0.82,-0.13,0.83,-1.48,-0.43,1.54,-0.10,-0.02,0.10,0.00,0.00,0.00,0.70,0.00,0.70
16,0.48,-0.84,-0.15,0.85,-0.19,-0.37,0.41,-0.13,-0.03,0.13,0.00,0.00,0.00,0.81,0.00,0.81
17,0.52,-0.83,-0.16,0.85,0.64,-0.38,0.74,-0.16,-0.03,0.16,0.00,0.00,0.00,0.88,0.00,0.88
18,0.55,-0.81,-0.17,0.83,0.94,-0.30,0.98,-0.19,-0.04,0.19,0.00,0.00,0.00,0.90,0.00,0.90
19,0.58,-0.77,-0.18,0.79,1.20,0.04,1.20,-0.21,-0.04,0.22,0.00,0.00,0.00,0.92,0.00,0.92
20,0.61,-0.72,-0.17,0.74,1.68,0.27,1.70,-0.24,-0.05,0.24,0.00,0.00,0.00,0.96,0.02,0.96
21,0.65,-0.67,-0.16,0.69,1.40,0.37,1.45,-0.26,-0.05,0.27,0.00,0.00,0.00,0.94,0.03,0.94
22,0.68,-0.64,-0.15,0.66,0.26,0.44,0.51,-0.28,-0.06,0.29,0.00,0.00,0.00,0.84,0.04,0.85
23,0.71,-0.65,-0.13,0.66,-0.63,0.49,0.80,-0.30,-0.06,0.31,0.00,0.00,0.00,0.77,0.04,0.77
24,0.75,-0.67,-0.11,0.68,-0.66,0.52,0.84,-0.32,-0.07,0.33,0.00,0.00,0.00,0.77,0.04,0.77
25,0.78,-0.68,-0.10,0.69,0.21,0.49,0.53,-0.35,-0.07,0.36,0.00,0.00,0.00,0.84,0.04,0.84
26,0.81,-0.66,-0.08,0.66,1.26,0.54,1.37,-0.37,-0.07,0.38,0.00,0.00,0.00,0.93,0.05,0.93
27,0.85,-0.60,-0.06,0.60,1.91,0.70,2.03,-0.39,-0.08,0.40,0.00,0.00,0.00,0.98,0.06,0.98
28,0.88,-0.53,-0.04,0.53,2.52,0.70,2.61,-0.41,-0.08,0.42,0.00,0.00,0.00,1.03,0.06,1.04
29,0.92,-0.43,-0.01,0.43,3.66,0.70,3.72,-0.43,-0.08,0.44,0.00,0.00,0.00,1.13,0.06,1.13
30,0.95,-0.28,0.01,0.28,5.16,0.68,5.21,-0.44,-0.08,0.45,0.00,0.00,0.00,1.26,0.06,1.26
31,0.98,-0.09,0.03,0.10,5.95,0.43,5.97,-0.45,-0.08,0.46,0.00,0.00,0.00,1.32,0.04,1.32
32,1.01,0.10,0.04,0.11,5.26,0.19,5.27,-0.45,-0.08,0.46,0.12,0.00,0.12,1.26,0.02,1.27
33,1.05,0.25,0.04,0.25,3.92,0.09,3.92,-0.44,-0.08,0.45,0.29,0.00,0.29,1.15,0.01,1.15
34,1.08,0.36,0.04,0.37,3.07,-0.09,3.08,-0.43,-0.07,0.44,0.39,0.00,0.39,1.08,0.00,1.08
35,1.11,0.46,0.04,0.46,2.62,-0.08,2.62,-0.42,-0.07,0.42,0.48,0.00,0.48,1.04,0.00,1.04
36,1.15,0.54,0.04,0.54,1.99,0.07,1.99,-0.40,-0.07,0.41,0.53,0.00,0.53,0.99,0.01,0.99
37,1.18,0.59,0.04,0.59,1.00,0.07,1.01,-0.38,-0.07,0.39,0.53,0.00,0.53,0.91,0.01,0.91
38,1.22,0.60,0.05,0.60,-0.04,0.12,0.13,-0.36,-0.07,0.37,0.49,0.00,0.49,0.82,0.01,0.82
39,1.25,0.59,0.05,0.59,-0.46,0.22,0.51,-0.34,-0.07,0.35,0.46,0.00,0.46,0.78,0.02,0.78
40,1.28,0.58,0.06,0.59,0.04,0.26,0.26,-0.32,-0.07,0.33,0.48,0.00,0.48,0.83,0.02,0.83
41,1.31,0.60,0.07,0.60,0.74,0.37,0.83,-0.30,-0.06,0.31,0.53,0.00,0.53,0.89,0.03,0.89
42,1.35,0.63,0.08,0.63,0.84,0.45,0.95,-0.28,-0.06,0.29,0.56,0.00,0.56,0.89,0.04,0.89
43,1.38,0.65,0.10,0.66,0.55,0.51,0.75,-0.26,-0.06,0.27,0.57,0.00,0.57,0.87,0.04,0.87
44,1.42,0.66,0.12,0.67,0.10,0.54,0.54,-0.24,-0.05,0.24,0.55,0.01,0.55,0.83,0.04,0.83
45,1.45,0.66,0.13,0.67,-0.21,0.19,0.28,-0.21,-0.05,0.22,0.53,0.00,0.53,0.81,0.02,0.81
46,1.48,0.65,0.13,0.67,0.06,-0.28,0.28,-0.19,-0.05,0.20,0.54,0.00,0.54,0.83,0.00,0.83
47,1.51,0.67,0.12,0.68,0.61,-0.48,0.77,-0.17,-0.04,0.18,0.58,0.00,0.58,0.87,0.00,0.87
48,1.55,0.69,0.10,0.70,0.86,-0.33,0.92,-0.15,-0.04,0.15,0.62,0.00,0.62,0.90,0.00,0.90
49,1.58,0.72,0.10,0.72,0.56,0.09,0.57,-0.13,-0.04,0.13,0.62,0.00,0.62,0.87,0.01,0.87
50,1.61,0.72,0.10,0.73,-0.28,0.28,0.40,-0.10,-0.03,0.11,0.58,0.00,0.58,0.80,0.02,0.80
51,1.65,0.70,0.11,0.70,-1.23,-0.04,1.23,-0.08,-0.03,0.08,0.50,0.00,0.50,0.72,0.00,0.72
52,1.68,0.64,0.10,0.65,-2.08,-0.53,2.15,-0.05,-0.02,0.06,0.41,0.00,0.41,0.65,0.00,0.65
53,1.72,0.56,0.08,0.56,-2.95,-0.76,3.04,-0.03,-0.02,0.04,0.32,0.00,0.32,0.58,0.00,0.58
54,1.75,0.44,0.05,0.45,-3.83,-0.55,3.87,-0.01,-0.02,0.02,0.22,0.00,0.22,0.50,0.00,0.50
55,1.78,0.30,0.04,0.30,-5.01,-0.18,5.01,-0.00,-0.02,0.02,0.12,0.00,0.12,0.40,0.00,0.40
56,1.81,0.11,0.04,0.12,-6.25,-0.08,6.25,0.01,-0.02,0.02,0.03,0.00,0.03,0.30,0.00,0.30
57,1.85,-0.11,0.03,0.12,-7.07,-0.36,7.08,0.01,-0.01,0.02,0.00,0.00,0.00,0.23,0.00,0.23
58,1.88,-0.36,0.01,0.36,-7.37,-0.85,7.42,0.00,-0.01,0.01,0.00,0.00,0.00,0.20,0.00,0.20
59,1.92,-0.60,-0.02,0.60,-6.87,-1.21,6.98,-0.02,-0.01,0.02,0.00,0.00,0.00,0.25,0.00,0.25
60,1.95,-0.80,-0.06,0.80,-5.31,-1.29,5.47,-0.04,-0.01,0.04,0.00,0.00,0.00,0.38,0.00,0.38
61,1.98,-0.94,-0.10,0.95,-3.16,-1.00,3.31,-0.07,-0.02,0.07,0.00,0.00,0.00,0.56,0.00,0.56
62,2.02,-1.01,-0.13,1.02,-1.23,-0.57,1.36,-0.11,-0.02,0.11,0.00,0.00,0.00,0.72,0.00,0.72
63,2.05,-1.03,-0.14,1.04,0.25,-0.33,0.41,-0.14,-0.03,0.15,0.00,0.00,0.00,0.84,0.00,0.84
64,2.08,-1.00,-0.15,1.01,1.32,-0.11,1.32,-0.18,-0.03,0.18,0.00,0.00,0.00,0.93,0.00,0.93
65,2.12,-0.95,-0.15,0.96,1.72,0.15,1.73,-0.21,-0.04,0.21,0.00,0.00,0.00,0.97,0.01,0.97
66,2.15,-0.89,-0.14,0.91,1.52,0.27,1.54,-0.24,-0.04,0.25,0.00,0.00,0.00,0.95,0.02,0.95
67,2.18,-0.85,-0.13,0.86,1.14,0.36,1.20,-0.27,-0.05,0.27,0.00,0.00,0.00,0.92,0.03,0.92
68,2.21,-0.82,-0.12,0.83,0.84,0.56,1.01,-0.30,-0.05,0.30,0.00,0.00,0.00,0.89,0.05,0.89
69,2.25,-0.79,-0.10,0.80,0.91,0.71,1.15,-0.32,-0.05,0.33,0.00,0.00,0.00,0.90,0.06,0.90
70,2.28,-0.75,-0.07,0.75,1.48,0.63,1.61,-0.35,-0.06,0.36,0.00,0.00,0.00,0.95,0.05,0.95
71,2.31,-0.69,-0.06,0.69,2.03,0.36,2.06,-0.37,-0.06,0.38,0.00,0.00,0.00,0.99,0.03,0.99
72,2.35,-0.62,-0.05,0.62,2.63,0.03,2.63,-0.40,-0.06,0.40,0.00,0.00,0.00,1.04,0.00,1.04
73,2.38,-0.51,-0.05,0.51,3.68,-0.08,3.68,-0.42,-0.06,0.42,0.00,0.00,0.00,1.13,0.00,1.13
74,2.42,-0.37,-0.05,0.38,4.64,0.19,4.64,-0.43,-0.07,0.44,0.00,0.00,0.00,1.21,0.02,1.21
75,2.45,-0.21,-0.04,0.21,5.13,0.46,5.15,-0.44,-0.07,0.45,0.00,0.00,0.00,1.25,0.04,1.25
76,2.48,-0.03,-0.03,0.04,5.23,0.30,5.23,-0.45,-0.07,0.45,0.00,0.00,0.00,1.26,0.03,1.26
77,2.52,0.13,-0.02,0.14,4.80,-0.00,4.80,-0.44,-0.07,0.45,0.16,0.00,0.16,1.23,0.00,1.23
78,2.55,0.28,-0.02,0.28,4.16,-0.02,4.16,-0.44,-0.07,0.44,0.33,0.00,0.33,1.17,0.00,1.17
79,2.58,0.41,-0.02,0.41,3.34,0.09,3.34,-0.42,-0.07,0.43,0.45,0.00,0.45,1.10,0.01,1.10
80,2.62,0.50,-0.02,0.50,2.17,0.19,2.17,-0.41,-0.07,0.41,0.50,0.00,0.50,1.00,0.02,1.01
81,2.65,0.56,-0.01,0.56,1.12,0.35,1.18,-0.39,-0.07,0.40,0.51,0.00,0.51,0.92,0.03,0.92
82,2.68,0.58,0.01,0.58,0.45,0.45,0.64,-0.37,-0.07,0.38,0.50,0.00,0.50,0.86,0.04,0.86
83,2.71,0.59,0.02,0.59,0.00,0.46,0.46,-0.35,-0.07,0.36,0.48,0.00,0.48,0.82,0.04,0.82
84,2.75,0.58,0.04,0.59,-0.25,0.40,0.47,-0.33,-0.07,0.34,0.47,0.00,0.47,0.80,0.03,0.80
85,2.78,0.57,0.05,0.58,-0.36,0.17,0.40,-0.31,-0.07,0.32,0.46,0.00,0.46,0.79,0.01,0.79
86,2.81,0.56,0.05,0.56,-0.31,0.02,0.31,-0.29,-0.07,0.30,0.45,0.00,0.45,0.80,0.00,0.80
87,2.85,0.56,0.05,0.56,-0.06,0.12,0.13,-0.27,-0.06,0.28,0.45,0.00,0.45,0.82,0.01,0.82
88,2.88,0.56,0.06,0.56,0.26,0.36,0.44,-0.26,-0.06,0.26,0.47,0.00,0.47,0.84,0.03,0.85
89,2.92,0.57,0.07,0.57,0.33,0.55,0.64,-0.24,-0.06,0.24,0.48,0.00,0.48,0.85,0.05,0.85
90,2.95,0.58,0.09,0.58,0.11,0.54,0.55,-0.22,-0.06,0.23,0.48,0.00,0.48,0.83,0.05,0.83
91,2.98,0.58,0.11,0.59,-0.11,0.41,0.42,-0.20,-0.06,0.21,0.47,0.00,0.47,0.81,0.03,0.81
92,3.02,0.57,0.12,0.58,-0.10,0.17,0.20,-0.18,-0.05,0.19,0.47,0.00,0.47,0.81,0.01,0.81
93,3.05,0.57,0.12,0.58,0.02,-0.04,0.04,-0.16,-0.05,0.17,0.47,0.00,0.47,0.82,0.00,0.82
94,3.08,0.57,0.12,0.59,0.20,-0.03,0.20,-0.14,-0.04,0.15,0.48,0.00,0.48,0.84,0.00,0.84
95,3.12,0.59,0.12,0.60,0.42,0.03,0.42,-0.12,-0.04,0.13,0.50,0.00,0.50,0.86,0.00,0.86
96,3.15,0.60,0.12,0.61,0.39,0.00,0.39,-0.10,-0.04,0.11,0.51,0.00,0.51,0.86,0.00,0.86
97,3.18,0.61,0.12,0.62,-0.02,-0.25,0.25,-0.08,-0.03,0.09,0.50,0.00,0.50,0.82,0.00,0.82
98,3.21,0.60,0.10,0.60,-0.61,-0.60,0.86,-0.06,-0.03,0.07,0.46,0.00,0.46,0.77,0.00,0.77
99,3.25,0.56,0.08,0.57,-1.31,-0.63,1.46,-0.04,-0.02,0.05,0.40,0.00,0.40,0.71,0.00,0.71
100,3.28,0.50,0.06,0.51,-2.22,-0.38,2.25,-0.02,-0.02,0.03,0.32,0.00,0.32,0.64,0.00,0.64
101,3.31,0.41,0.05,0.42,-3.29,-0.22,3.30,-0.01,-0.02,0.02,0.23,0.00,0.23,0.55,0.00,0.55
102,3.35,0.28,0.05,0.29,-4.62,-0.29,4.62,0.01,-0.02,0.02,0.12,0.00,0.12,0.44,0.00,0.44
103,3.38,0.11,0.03,0.11,-5.98,-0.53,6.00,0.02,-0.02,0.02,0.03,0.00,0.03,0.32,0.00,0.32
104,3.42,-0.11,0.01,0.11,-6.86,-0.83,6.91,0.02,-0.02,0.02,0.00,0.00,0.00,0.25,0.00,0.25
105,3.45,-0.34,-0.02,0.34,-7.07,-1.07,7.15,0.01,-0.02,0.02,0.00,0.00,0.00,0.23,0.00,0.23
106,3.48,-0.57,-0.06,0.57,-6.54,-1.17,6.64,-0.01,-0.02,0.02,0.00,0.00,0.00,0.27,0.00,0.27
107,3.52,-0.77,-0.10,0.77,-5.09,-1.10,5.20,-0.03,-0.02,0.04,0.00,0.00,0.00,0.40,0.00,0.40
108,3.55,-0.90,-0.13,0.91,-2.98,-0.77,3.08,-0.06,-0.02,0.07,0.00,0.00,0.00,0.57,0.00,0.57
109,3.58,-0.97,-0.15,0.98,-0.96,-0.17,0.97,-0.09,-0.03,0.10,0.00,0.00,0.00,0.74,0.00,0.74
110,3.62,-0.97,-0.14,0.98,0.51,0.31,0.59,-0.13,-0.03,0.13,0.00,0.00,0.00,0.87,0.03,0.87
111,3.65,-0.94,-0.13,0.95,1.25,0.43,1.32,-0.16,-0.04,0.17,0.00,0.00,0.00,0.93,0.04,0.93
112,3.68,-0.90,-0.12,0.90,1.55,0.38,1.60,-0.19,-0.04,0.20,0.00,0.00,0.00,0.95,0.03,0.95
113,3.71,-0.84,-0.11,0.85,1.79,0.30,1.82,-0.22,-0.05,0.23,0.00,0.00,0.00,0.97,0.03,0.97
114,3.75,-0.78,-0.10,0.79,1.64,0.20,1.66,-0.25,-0.05,0.25,0.00,0.00,0.00,0.96,0.02,0.96
115,3.78,-0.74,-0.09,0.74,0.96,0.21,0.98,-0.27,-0.05,0.28,0.00,0.00,0.00,0.90,0.02,0.90
116,3.81,-0.71,-0.08,0.72,0.36,0.37,0.52,-0.30,-0.06,0.30,0.00,0.00,0.00,0.85,0.03,0.85
117,3.85,-0.71,-0.07,0.71,0.20,0.40,0.45,-0.32,-0.06,0.32,0.00,0.00,0.00,0.84,0.03,0.84
118,3.88,-0.70,-0.06,0.70,0.56,0.29,0.63,-0.34,-0.06,0.35,0.00,0.00,0.00,0.87,0.02,0.87
119,3.92,-0.66,-0.05,0.66,1.42,0.17,1.43,-0.37,-0.06,0.37,0.00,0.00,0.00,0.94,0.01,0.94
120,3.95,-0.60,-0.05,0.60,2.37,0.05,2.37,-0.39,-0.06,0.39,0.00,0.00,0.00,1.02,0.00,1.02
121,3.98,-0.51,-0.04,0.51,3.31,0.19,3.31,-0.41,-0.07,0.41,0.00,0.00,0.00,1.10,0.02,1.10
122,4.01,-0.38,-0.03,0.38,4.29,0.51,4.32,-0.42,-0.07,0.43,0.00,0.00,0.00,1.18,0.04,1.18
123,4.05,-0.22,-0.01,0.22,5.07,0.52,5.10,-0.43,-0.07,0.44,0.00,0.00,0.00,1.25,0.04,1.25
124,4.08,-0.05,0.00,0.05,5.31,0.42,5.32,-0.44,-0.07,0.44,0.00,0.00,0.00,1.27,0.04,1.27
125,4.12,0.12,0.02,0.12,4.81,0.42,4.83,-0.44,-0.07,0.44,0.15,0.00,0.15,1.23,0.04,1.23
126,4.15,0.27,0.03,0.27,3.77,0.38,3.79,-0.43,-0.07,0.44,0.30,0.00,0.30,1.14,0.03,1.14
127,4.18,0.37,0.04,0.38,2.73,0.25,2.75,-0.42,-0.07,0.42,0.39,0.00,0.39,1.05,0.02,1.05
128,4.21,0.45,0.05,0.45,1.95,0.10,1.95,-0.40,-0.06,0.41,0.45,0.00,0.45,0.99,0.01,0.99
129,4.25,0.51,0.05,0.51,1.42,0.09,1.42,-0.39,-0.06,0.39,0.48,0.00,0.48,0.94,0.01,0.94
130,4.28,0.55,0.06,0.55,0.91,0.32,0.97,-0.37,-0.06,0.37,0.49,0.00,0.49,0.90,0.03,0.90
131,4.32,0.57,0.07,0.57,0.17,0.52,0.55,-0.35,-0.06,0.35,0.47,0.00,0.47,0.84,0.04,0.84
132,4.35,0.56,0.09,0.57,-0.35,0.42,0.54,-0.33,-0.06,0.33,0.45,0.00,0.45,0.79,0.04,0.79
133,4.38,0.55,0.10,0.56,-0.19,0.09,0.22,-0.31,-0.05,0.32,0.44,0.00,0.44,0.81,0.01,0.81
134,4.42,0.55,0.09,0.56,0.18,-0.14,0.23,-0.29,-0.05,0.30,0.46,0.00,0.46,0.84,0.00,0.84
135,4.45,0.56,0.09,0.57,0.30,-0.19,0.35,-0.28,-0.05,0.28,0.47,0.00,0.47,0.85,0.00,0.85
136,4.48,0.57,0.08,0.57,0.14,-0.06,0.15,-0.26,-0.04,0.26,0.47,0.00,0.47,0.83,0.00,0.83
137,4.51,0.57,0.09,0.57,-0.14,0.13,0.19,-0.24,-0.04,0.24,0.46,0.00,0.46,0.81,0.01,0.81
138,4.55,0.56,0.09,0.57,-0.14,0.26,0.29,-0.22,-0.04,0.22,0.46,0.00,0.46,0.81,0.02,0.81
139,4.58,0.56,0.10,0.57,0.21,0.31,0.38,-0.20,-0.03,0.20,0.47,0.00,0.47,0.84,0.03,0.84
140,4.62,0.57,0.11,0.58,0.44,0.15,0.46,-0.18,-0.03,0.18,0.49,0.00,0.49,0.86,0.01,0.86
141,4.65,0.59,0.11,0.60,0.46,-0.14,0.48,-0.16,-0.03,0.16,0.51,0.00,0.51,0.86,0.00,0.86
142,4.68,0.60,0.10,0.61,0.31,-0.26,0.40,-0.14,-0.02,0.14,0.51,0.00,0.51,0.85,0.00,0.85
143,4.71,0.61,0.09,0.62,0.07,-0.23,0.24,-0.12,-0.02,0.12,0.50,0.00,0.50,0.83,0.00,0.83
144,4.75,0.61,0.09,0.62,-0.01,-0.17,0.17,-0.10,-0.02,0.10,0.50,0.00,0.50,0.82,0.00,0.82
145,4.78,0.61,0.08,0.61,-0.03,-0.29,0.29,-0.08,-0.01,0.08,0.50,0.00,0.50,0.82,0.00,0.82
146,4.82,0.60,0.07,0.61,-0.19,-0.54,0.58,-0.06,-0.01,0.06,0.49,0.00,0.49,0.81,0.00,0.81
147,4.85,0.59,0.05,0.59,-0.76,-0.57,0.95,-0.04,-0.01,0.04,0.45,0.00,0.45,0.76,0.00,0.76
148,4.88,0.55,0.03,0.55,-1.88,-0.35,1.91,-0.02,-0.01,0.02,0.36,0.00,0.36,0.67,0.00,0.67
149,4.92,0.46,0.02,0.46,-3.14,-0.09,3.14,-0.00,-0.01,0.01,0.26,0.00,0.26,0.56,0.00,0.56
150,4.95,0.34,0.02,0.34,-4.43,-0.04,4.43,0.01,-0.01,0.01,0.15,0.00,0.15,0.45,0.00,0.45
151,4.98,0.17,0.02,0.17,-5.78,-0.44,5.80,0.02,-0.01,0.02,0.06,0.00,0.06,0.34,0.00,0.34
152,5.01,-0.04,-0.01,0.04,-6.81,-0.89,6.87,0.03,-0.00,0.03,0.00,0.00,0.00,0.25,0.00,0.25
153,5.05,-0.28,-0.04,0.28,-7.28,-1.01,7.35,0.02,-0.01,0.02,0.00,0.00,0.00,0.21,0.00,0.21
154,5.08,-0.52,-0.07,0.52,-6.83,-0.87,6.89,0.01,-0.01,0.01,0.00,0.00,0.00,0.25,0.00,0.25
155,5.12,-0.72,-0.10,0.73,-5.24,-0.67,5.28,-0.02,-0.01,0.02,0.00,0.00,0.00,0.38,0.00,0.38
156,5.15,-0.86,-0.12,0.87,-3.17,-0.53,3.22,-0.04,-0.01,0.05,0.00,0.00,0.00,0.56,0.00,0.56
157,5.18,-0.94,-0.13,0.94,-1.34,-0.45,1.41,-0.08,-0.02,0.08,0.00,0.00,0.00,0.71,0.00,0.71
158,5.21,-0.96,-0.15,0.97,-0.14,-0.31,0.34,-0.11,-0.02,0.11,0.00,0.00,0.00,0.81,0.00,0.81
159,5.25,-0.95,-0.15,0.96,0.44,-0.05,0.44,-0.14,-0.03,0.14,0.00,0.00,0.00,0.86,0.00,0.86
160,5.28,-0.93,-0.15,0.94,0.75,0.23,0.79,-0.17,-0.03,0.18,0.00,0.00,0.00,0.89,0.02,0.89
161,5.32,-0.90,-0.14,0.91,1.12,0.39,1.19,-0.20,-0.04,0.21,0.00,0.00,0.00,0.92,0.03,0.92
162,5.35,-0.86,-0.12,0.87,1.52,0.46,1.59,-0.23,-0.04,0.24,0.00,0.00,0.00,0.95,0.04,0.95
163,5.38,-0.80,-0.11,0.81,1.63,0.41,1.68,-0.26,-0.05,0.27,0.00,0.00,0.00,0.96,0.03,0.96
164,5.42,-0.75,-0.09,0.76,1.39,0.39,1.45,-0.29,-0.05,0.29,0.00,0.00,0.00,0.94,0.03,0.94
165,5.45,-0.71,-0.08,0.71,1.26,0.52,1.36,-0.31,-0.05,0.32,0.00,0.00,0.00,0.93,0.04,0.93
166,5.48,-0.67,-0.06,0.67,1.41,0.68,1.57,-0.33,-0.06,0.34,0.00,0.00,0.00,0.94,0.06,0.94
167,5.51,-0.61,-0.04,0.61,1.72,0.66,1.84,-0.36,-0.06,0.36,0.00,0.00,0.00,0.97,0.06,0.97
168,5.55,-0.55,-0.02,0.55,2.06,0.52,2.13,-0.38,-0.06,0.38,0.00,0.00,0.00,1.00,0.04,1.00
169,5.58,-0.48,-0.00,0.48,2.39,0.37,2.42,-0.39,-0.06,0.40,0.00,0.00,0.00,1.02,0.03,1.02
170,5.62,-0.39,0.01,0.39,3.03,0.30,3.04,-0.41,-0.06,0.41,0.00,0.00,0.00,1.08,0.02,1.08
171,5.65,-0.27,0.02,0.27,4.21,0.44,4.23,-0.42,-0.06,0.42,0.00,0.00,0.00,1.18,0.04,1.18
172,5.68,-0.11,0.04,0.12,5.21,0.69,5.26,-0.43,-0.06,0.43,0.00,0.00,0.00,1.26,0.06,1.26
173,5.71,0.07,0.06,0.09,5.12,0.74,5.18,-0.43,-0.06,0.43,0.08,0.00,0.08,1.25,0.06,1.25
174,5.75,0.22,0.09,0.24,3.93,0.60,3.98,-0.42,-0.05,0.43,0.25,0.00,0.26,1.15,0.05,1.15
175,5.78,0.32,0.10,0.34,2.27,0.26,2.28,-0.41,-0.05,0.41,0.33,0.00,0.33,1.01,0.02,1.01
176,5.82,0.38,0.10,0.39,1.13,-0.25,1.16,-0.40,-0.05,0.40,0.35,0.00,0.35,0.92,0.00,0.92
177,5.85,0.41,0.09,0.42,0.93,-0.54,1.08,-0.38,-0.04,0.39,0.37,0.00,0.37,0.90,0.00,0.90
178,5.88,0.44,0.07,0.45,0.98,-0.53,1.11,-0.37,-0.04,0.37,0.40,0.00,0.40,0.91,0.00,0.91
179,5.92,0.47,0.05,0.48,0.85,-0.39,0.93,-0.36,-0.04,0.36,0.42,0.00,0.42,0.89,0.00,0.89
180,5.95,0.50,0.04,0.50,0.46,-0.24,0.52,-0.34,-0.04,0.34,0.43,0.00,0.43,0.86,0.00,0.86
181,5.98,0.50,0.04,0.50,-0.07,-0.15,0.16,-0.32,-0.03,0.32,0.41,0.00,0.41,0.82,0.00,0.82
182,6.01,0.50,0.03,0.50,-0.30,-0.08,0.32,-0.30,-0.03,0.31,0.40,0.00,0.40,0.80,0.00,0.80
183,6.05,0.49,0.03,0.49,-0.23,0.00,0.23,-0.29,-0.03,0.29,0.39,0.00,0.39,0.80,0.00,0.80
184,6.08,0.48,0.03,0.48,-0.05,0.12,0.13,-0.27,-0.03,0.27,0.39,0.00,0.39,0.82,0.01,0.82
185,6.12,0.48,0.04,0.49,0.21,0.26,0.33,-0.26,-0.03,0.26,0.41,0.00,0.41,0.84,0.02,0.84
186,6.15,0.49,0.05,0.50,0.31,0.37,0.48,-0.24,-0.03,0.24,0.42,0.00,0.42,0.85,0.03,0.85
187,6.18,0.50,0.06,0.51,0.24,0.39,0.46,-0.22,-0.03,0.23,0.42,0.00,0.42,0.84,0.03,0.84
188,6.21,0.51,0.07,0.51,0.17,0.23,0.29,-0.21,-0.02,0.21,0.43,0.00,0.43,0.84,0.02,0.84
189,6.25,0.51,0.08,0.52,0.13,0.01,0.13,-0.19,-0.02,0.19,0.43,0.00,0.43,0.83,0.00,0.83
190,6.28,0.52,0.08,0.52,0.16,-0.13,0.21,-0.17,-0.02,0.17,0.43,0.00,0.43,0.84,0.00,0.84
191,6.32,0.52,0.07,0.53,0.16,-0.16,0.22,-0.16,-0.02,0.16,0.44,0.00,0.44,0.84,0.00,0.84
192,6.35,0.53,0.07,0.53,0.04,-0.11,0.12,-0.14,-0.01,0.14,0.44,0.00,0.44,0.83,0.00,0.83
193,6.38,0.53,0.06,0.53,-0.05,-0.07,0.09,-0.12,-0.01,0.12,0.43,0.00,0.43,0.82,0.00,0.82
194,6.42,0.53,0.06,0.53,0.00,-0.11,0.11,-0.10,-0.01,0.10,0.43,0.00,0.43,0.82,0.00,0.82
195,6.45,0.53,0.05,0.53,0.08,-0.28,0.29,-0.09,-0.01,0.09,0.44,0.00,0.44,0.83,0.00,0.83
196,6.48,0.53,0.04,0.53,0.05,-0.38,0.39,-0.07,-0.01,0.07,0.44,0.00,0.44,0.83,0.00,0.83
197,6.51,0.53,0.03,0.53,-0.27,-0.25,0.36,-0.05,-0.01,0.05,0.42,0.00,0.42,0.80,0.00,0.80
198,6.55,0.51,0.03,0.51,-0.88,-0.02,0.88,-0.03,-0.00,0.03,0.38,0.00,0.38,0.75,0.00,0.75
199,6.58,0.47,0.03,0.47,-1.58,0.03,1.58,-0.01,-0.00,0.02,0.32,0.00,0.32,0.69,0.00,0.69
200,6.62,0.40,0.03,0.40,-2.45,-0.14,2.45,0.00,-0.00,0.00,0.25,0.00,0.25,0.62,0.00,0.62
201,6.65,0.30,0.02,0.30,-3.70,-0.43,3.72,0.01,-0.00,0.01,0.15,0.00,0.15,0.51,0.00,0.51
202,6.68,0.15,-0.00,0.15,-5.19,-0.68,5.23,0.02,-0.00,0.02,0.06,0.00,0.06,0.39,0.00,0.39
203,6.71,-0.04,-0.03,0.05,-6.54,-0.74,6.58,0.03,-0.00,0.03,0.00,0.00,0.00,0.27,0.00,0.27
204,6.75,-0.28,-0.05,0.28,-7.26,-0.76,7.30,0.02,-0.00,0.02,0.00,0.00,0.00,0.21,0.00,0.21
205,6.78,-0.52,-0.08,0.52,-6.94,-0.79,6.99,0.01,-0.00,0.01,0.00,0.00,0.00,0.24,0.00,0.24
206,6.82,-0.73,-0.10,0.73,-5.60,-0.71,5.64,-0.01,-0.01,0.02,0.00,0.00,0.00,0.35,0.00,0.35
207,6.85,-0.88,-0.12,0.89,-3.66,-0.54,3.70,-0.04,-0.01,0.04,0.00,0.00,0.00,0.52,0.00,0.52
208,6.88,-0.97,-0.14,0.98,-1.71,-0.41,1.76,-0.08,-0.02,0.08,0.00,0.00,0.00,0.68,0.00,0.68
209,6.92,-1.00,-0.15,1.01,-0.30,-0.30,0.42,-0.11,-0.02,0.11,0.00,0.00,0.00,0.80,0.00,0.80
210,6.95,-1.00,-0.16,1.01,0.53,-0.09,0.54,-0.14,-0.03,0.15,0.00,0.00,0.00,0.87,0.00,0.87
211,6.98,-0.97,-0.16,0.98,1.05,0.14,1.06,-0.18,-0.03,0.18,0.00,0.00,0.00,0.91,0.01,0.91
212,7.01,-0.93,-0.15,0.94,1.42,0.24,1.44,-0.21,-0.04,0.21,0.00,0.00,0.00,0.94,0.02,0.94
213,7.05,-0.88,-0.14,0.89,1.52,0.15,1.53,-0.24,-0.04,0.24,0.00,0.00,0.00,0.95,0.01,0.95
214,7.08,-0.83,-0.14,0.84,1.21,0.03,1.21,-0.27,-0.05,0.27,0.00,0.00,0.00,0.92,0.00,0.92
215,7.12,-0.80,-0.14,0.81,0.82,0.04,0.82,-0.29,-0.05,0.30,0.00,0.00,0.00,0.89,0.00,0.89
216,7.15,-0.78,-0.13,0.79,0.74,0.23,0.78,-0.32,-0.06,0.33,0.00,0.00,0.00,0.89,0.02,0.89
217,7.18,-0.75,-0.12,0.76,1.04,0.46,1.13,-0.35,-0.06,0.35,0.00,0.00,0.00,0.91,0.04,0.91
218,7.21,-0.70,-0.11,0.71,1.75,0.51,1.82,-0.37,-0.06,0.38,0.00,0.00,0.00,0.97,0.04,0.97
219,7.25,-0.63,-0.09,0.63,2.62,0.48,2.66,-0.39,-0.07,0.40,0.00,0.00,0.00,1.04,0.04,1.04
220,7.28,-0.53,-0.07,0.53,3.51,0.54,3.55,-0.41,-0.07,0.42,0.00,0.00,0.00,1.12,0.05,1.12
221,7.32,-0.39,-0.05,0.39,4.61,0.63,4.65,-0.43,-0.07,0.44,0.00,0.00,0.00,1.21,0.05,1.21
222,7.35,-0.22,-0.03,0.22,5.42,0.78,5.48,-0.44,-0.07,0.45,0.00,0.00,0.00,1.28,0.07,1.28
223,7.38,-0.04,-0.00,0.04,5.38,0.95,5.46,-0.45,-0.08,0.45,0.00,0.00,0.00,1.27,0.08,1.28
224,7.42,0.13,0.03,0.13,4.75,0.92,4.84,-0.44,-0.07,0.45,0.16,0.00,0.16,1.22,0.08,1.22
225,7.45,0.27,0.06,0.28,3.74,0.73,3.81,-0.44,-0.07,0.44,0.31,0.00,0.31,1.14,0.06,1.14
226,7.48,0.38,0.08,0.38,2.57,0.43,2.60,-0.42,-0.07,0.43,0.39,0.00,0.39,1.04,0.04,1.04
227,7.51,0.45,0.09,0.45,1.64,0.13,1.64,-0.41,-0.07,0.42,0.43,0.00,0.43,0.96,0.01,0.96
228,7.55,0.49,0.09,0.50,0.93,0.04,0.93,-0.39,-0.06,0.40,0.44,0.00,0.44,0.90,0.00,0.90
229,7.58,0.51,0.09,0.52,0.41,0.12,0.43,-0.38,-0.06,0.38,0.44,0.00,0.44,0.86,0.01,0.86
230,7.62,0.52,0.10,0.53,0.19,0.26,0.32,-0.36,-0.06,0.36,0.44,0.00,0.44,0.84,0.02,0.84
231,7.65,0.52,0.11,0.53,0.05,0.29,0.30,-0.34,-0.05,0.35,0.43,0.00,0.43,0.83,0.02,0.83
232,7.68,0.52,0.11,0.53,-0.16,0.10,0.19,-0.32,-0.05,0.33,0.42,0.00,0.42,0.81,0.01,0.81
233,7.71,0.51,0.11,0.53,-0.28,-0.19,0.34,-0.31,-0.05,0.31,0.41,0.00,0.41,0.80,0.00,0.80
234,7.75,0.51,0.10,0.52,-0.23,-0.36,0.43,-0.29,-0.04,0.29,0.41,0.00,0.41,0.80,0.00,0.80
235,7.78,0.50,0.09,0.51,-0.09,-0.34,0.35,-0.27,-0.04,0.28,0.41,0.00,0.41,0.82,0.00,0.82
236,7.82,0.50,0.08,0.51,0.05,-0.19,0.19,-0.26,-0.04,0.26,0.41,0.00,0.41,0.83,0.00,0.83
237,7.85,0.50,0.08,0.51,0.01,-0.04,0.04,-0.24,-0.03,0.24,0.41,0.00,0.41,0.82,0.00,0.82
238,7.88,0.50,0.08,0.51,-0.13,0.08,0.16,-0.22,-0.03,0.23,0.40,0.00,0.40,0.81,0.01,0.81
239,7.92,0.49,0.08,0.50,-0.17,0.14,0.22,-0.21,-0.03,0.21,0.40,0.00,0.40,0.81,0.01,0.81
240,7.95,0.49,0.09,0.50,-0.08,0.07,0.10,-0.19,-0.03,0.19,0.40,0.00,0.40,0.82,0.01,0.82
241,7.98,0.49,0.09,0.50,-0.01,-0.06,0.07,-0.17,-0.02,0.18,0.40,0.00,0.40,0.82,0.00,0.82
242,8.02,0.49,0.08,0.50,0.03,-0.20,0.20,-0.16,-0.02,0.16,0.40,0.00,0.40,0.83,0.00,0.83
243,8.05,0.49,0.08,0.50,0.09,-0.19,0.21,-0.14,-0.02,0.14,0.41,0.00,0.41,0.83,0.00,0.83
244,8.08,0.49,0.07,0.50,0.19,0.01,0.19,-0.12,-0.02,0.13,0.42,0.00,0.42,0.84,0.00,0.84
245,8.12,0.50,0.08,0.51,0.37,0.07,0.38,-0.11,-0.01,0.11,0.43,0.00,0.43,0.85,0.01,0.85
246,8.15,0.52,0.08,0.52,0.48,-0.03,0.49,-0.09,-0.01,0.09,0.45,0.00,0.45,0.86,0.00,0.86
247,8.18,0.53,0.07,0.54,0.31,-0.16,0.35,-0.07,-0.01,0.07,0.45,0.00,0.45,0.85,0.00,0.85
248,8.21,0.54,0.06,0.54,-0.15,-0.35,0.39,-0.06,-0.01,0.06,0.43,0.00,0.43,0.81,0.00,0.81
249,8.25,0.52,0.05,0.52,-0.79,-0.35,0.87,-0.04,-0.00,0.04,0.39,0.00,0.39,0.76,0.00,0.76
250,8.28,0.48,0.04,0.48,-1.55,-0.21,1.56,-0.02,-0.00,0.02,0.33,0.00,0.33,0.69,0.00,0.69
251,8.31,0.42,0.03,0.42,-2.33,-0.25,2.34,-0.00,-0.00,0.00,0.26,0.00,0.26,0.63,0.00,0.63
252,8.35,0.32,0.03,0.33,-3.27,-0.37,3.29,0.01,0.00,0.01,0.18,0.00,0.18,0.55,0.00,0.55
253,8.38,0.20,0.01,0.20,-4.51,-0.54,4.54,0.02,0.00,0.02,0.09,0.00,0.09,0.44,0.00,0.44
254,8.41,0.02,-0.01,0.03,-5.87,-0.68,5.91,0.02,0.00,0.02,0.01,0.00,0.01,0.33,0.00,0.33
255,8.45,-0.19,-0.03,0.19,-6.88,-0.66,6.91,0.02,0.00,0.02,0.00,0.00,0.00,0.25,0.00,0.25
256,8.48,-0.42,-0.05,0.43,-6.88,-0.62,6.91,0.01,-0.00,0.01,0.00,0.00,0.00,0.25,0.00,0.25
257,8.52,-0.64,-0.08,0.64,-5.66,-0.63,5.70,-0.01,-0.00,0.01,0.00,0.00,0.00,0.35,0.00,0.35
258,8.55,-0.79,-0.10,0.80,-3.71,-0.61,3.75,-0.03,-0.01,0.03,0.00,0.00,0.00,0.51,0.00,0.51
259,8.58,-0.88,-0.11,0.89,-1.70,-0.42,1.75,-0.06,-0.01,0.06,0.00,0.00,0.00,0.68,0.00,0.68
260,8.62,-0.91,-0.12,0.92,-0.32,-0.13,0.35,-0.09,-0.01,0.10,0.00,0.00,0.00,0.80,0.00,0.80
261,8.65,-0.91,-0.12,0.92,0.32,-0.00,0.32,-0.13,-0.02,0.13,0.00,0.00,0.00,0.85,0.00,0.85
262,8.68,-0.89,-0.12,0.90,0.76,-0.01,0.76,-0.16,-0.02,0.16,0.00,0.00,0.00,0.89,0.00,0.89
263,8.71,-0.86,-0.12,0.87,1.20,-0.01,1.20,-0.19,-0.03,0.19,0.00,0.00,0.00,0.92,0.00,0.92
264,8.75,-0.82,-0.13,0.83,1.53,0.01,1.53,-0.21,-0.03,0.22,0.00,0.00,0.00,0.95,0.00,0.95
265,8.78,-0.76,-0.12,0.77,1.55,0.05,1.56,-0.24,-0.04,0.24,0.00,0.00,0.00,0.95,0.00,0.95
266,8.81,-0.72,-0.12,0.73,1.05,0.02,1.05,-0.26,-0.04,0.27,0.00,0.00,0.00,0.91,0.00,0.91
267,8.85,-0.69,-0.12,0.71,0.44,-0.10,0.45,-0.29,-0.04,0.29,0.00,0.00,0.00,0.86,0.00,0.86
268,8.88,-0.68,-0.13,0.69,0.38,-0.07,0.39,-0.31,-0.05,0.31,0.00,0.00,0.00,0.86,0.00,0.86
269,8.91,-0.66,-0.13,0.68,0.76,0.15,0.78,-0.33,-0.05,0.34,0.00,0.00,0.00,0.89,0.01,0.89
270,8.95,-0.63,-0.12,0.64,1.23,0.39,1.29,-0.36,-0.06,0.36,0.00,0.00,0.00,0.93,0.03,0.93
271,8.98,-0.58,-0.10,0.59,1.63,0.56,1.72,-0.38,-0.06,0.38,0.00,0.00,0.00,0.96,0.05,0.96
272,9.02,-0.52,-0.08,0.53,1.86,0.64,1.96,-0.39,-0.06,0.40,0.00,0.00,0.00,0.98,0.05,0.98
273,9.05,-0.46,-0.06,0.46,2.15,0.71,2.26,-0.41,-0.07,0.42,0.00,0.00,0.00,1.00,0.06,1.01
274,9.08,-0.38,-0.03,0.38,2.75,0.77,2.86,-0.43,-0.07,0.43,0.00,0.00,0.00,1.05,0.06,1.06
275,9.12,-0.27,-0.01,0.27,3.45,0.74,3.52,-0.44,-0.07,0.44,0.00,0.00,0.00,1.11,0.06,1.11
276,9.15,-0.15,0.01,0.15,3.95,0.61,3.99,-0.44,-0.07,0.45,0.00,0.00,0.00,1.15,0.05,1.16
277,9.18,-0.01,0.03,0.04,4.08,0.49,4.11,-0.45,-0.07,0.45,0.00,0.00,0.00,1.17,0.04,1.17
278,9.21,0.12,0.05,0.13,3.78,0.42,3.80,-0.45,-0.06,0.45,0.13,0.00,0.13,1.14,0.03,1.14
279,9.25,0.23,0.06,0.24,3.12,0.35,3.14,-0.44,-0.06,0.44,0.25,0.00,0.25,1.09,0.03,1.09
280,9.28,0.32,0.07,0.33,2.34,0.23,2.35,-0.43,-0.06,0.43,0.33,0.00,0.33,1.02,0.02,1.02
281,9.31,0.39,0.08,0.40,1.60,0.10,1.60,-0.42,-0.06,0.42,0.37,0.00,0.37,0.96,0.01,0.96
282,9.35,0.43,0.08,0.44,0.86,0.05,0.86,-0.40,-0.06,0.41,0.38,0.00,0.38,0.90,0.00,0.90
283,9.38,0.45,0.08,0.46,0.28,0.14,0.31,-0.39,-0.05,0.39,0.38,0.00,0.38,0.85,0.01,0.85
284,9.41,0.45,0.09,0.46,0.02,0.22,0.22,-0.37,-0.05,0.37,0.37,0.00,0.37,0.82,0.02,0.83
285,9.45,0.45,0.09,0.46,0.03,0.17,0.17,-0.36,-0.05,0.36,0.37,0.00,0.37,0.83,0.01,0.83
286,9.48,0.46,0.10,0.47,0.21,0.04,0.21,-0.34,-0.04,0.34,0.38,0.00,0.38,0.84,0.00,0.84
287,9.52,0.47,0.09,0.47,0.25,-0.20,0.33,-0.33,-0.04,0.33,0.39,0.00,0.39,0.84,0.00,0.84
288,9.55,0.47,0.09,0.48,0.01,-0.34,0.34,-0.31,-0.04,0.31,0.39,0.00,0.39,0.82,0.00,0.82
289,9.58,0.47,0.08,0.47,-0.20,-0.18,0.27,-0.29,-0.03,0.30,0.38,0.00,0.38,0.81,0.00,0.81
290,9.62,0.46,0.07,0.46,-0.23,0.01,0.23,-0.28,-0.03,0.28,0.37,0.00,0.37,0.80,0.00,0.80
291,9.65,0.45,0.08,0.46,-0.15,0.11,0.19,-0.26,-0.03,0.27,0.37,0.00,0.37,0.81,0.01,0.81
292,9.68,0.45,0.08,0.46,0.03,0.10,0.10,-0.25,-0.03,0.25,0.37,0.00,0.37,0.83,0.01,0.83
293,9.71,0.45,0.08,0.46,0.14,-0.00,0.14,-0.23,-0.02,0.24,0.38,0.00,0.38,0.84,0.00,0.84
294,9.75,0.46,0.08,0.46,0.10,0.02,0.11,-0.22,-0.02,0.22,0.38,0.00,0.38,0.83,0.00,0.83
295,9.78,0.46,0.08,0.47,0.09,0.14,0.16,-0.20,-0.02,0.20,0.38,0.00,0.38,0.83,0.01,0.83
296,9.81,0.46,0.09,0.47,0.15,0.04,0.16,-0.19,-0.02,0.19,0.39,0.00,0.39,0.84,0.00,0.84
297,9.85,0.47,0.09,0.48,0.20,-0.10,0.23,-0.17,-0.01,0.17,0.40,0.00,0.40,0.84,0.00,0.84
298,9.88,0.48,0.08,0.48,0.23,-0.09,0.24,-0.16,-0.01,0.16,0.40,0.00,0.40,0.84,0.00,0.84
299,9.91,0.49,0.08,0.49,0.19,-0.02,0.19,-0.14,-0.01,0.14,0.41,0.00,0.41,0.84,0.00,0.84
300,9.95,0.49,0.08,0.50,0.00,-0.01,0.01,-0.12,-0.01,0.12,0.40,0.00,0.40,0.82,0.00,0.82
301,9.98,0.49,0.08,0.49,-0.19,-0.11,0.22,-0.11,-0.00,0.11,0.39,0.00,0.39,0.81,0.00,0.81
302,10,0.48,0.07,0.48,-0.25,-0.20,0.32,-0.09,0.00,0.09,0.38,0.00,0.38,0.80,0.00,0.80
303,10,0.47,0.07,0.47,-0.25,-0.13,0.28,-0.08,0.00,0.08,0.38,0.00,0.38,0.80,0.00,0.80
304,10,0.46,0.07,0.46,-0.33,-0.04,0.33,-0.06,0.00,0.06,0.37,0.00,0.37,0.80,0.00,0.80
305,10,0.45,0.06,0.45,-0.60,-0.12,0.61,-0.05,0.01,0.05,0.34,0.00,0.34,0.77,0.00,0.77
306,10,0.42,0.06,0.42,-1.00,-0.17,1.01,-0.03,0.01,0.03,0.31,0.00,0.31,0.74,0.00,0.74
307,10,0.38,0.05,0.38,-1.34,0.05,1.34,-0.02,0.01,0.02,0.27,0.00,0.27,0.71,0.00,0.71
308,10,0.33,0.06,0.34,-1.54,0.28,1.56,-0.00,0.01,0.01,0.23,0.00,0.23,0.69,0.02,0.69
309,10,0.28,0.07,0.29,-1.68,0.02,1.68,0.01,0.01,0.01,0.19,0.00,0.19,0.68,0.00,0.68
310,10,0.22,0.06,0.23,-1.87,-0.46,1.92,0.01,0.02,0.02,0.15,0.00,0.15,0.67,0.00,0.67
311,10,0.15,0.04,0.16,-2.05,-0.53,2.11,0.02,0.02,0.03,0.10,0.00,0.10,0.65,0.00,0.65
312,10,0.09,0.03,0.09,-1.95,-0.26,1.97,0.02,0.02,0.03,0.06,0.00,0.06,0.66,0.00,0.66
313,10,0.03,0.02,0.04,-1.41,-0.03,1.41,0.03,0.02,0.03,0.02,0.00,0.02,0.70,0.00,0.70
314,10,-0.01,0.03,0.03,-0.64,0.08,0.64,0.03,0.02,0.03,0.00,0.00,0.00,0.77,0.01,0.77
315,10,-0.02,0.03,0.03,-0.03,0.04,0.05,0.02,0.02,0.03,0.00,0.00,0.00,0.82,0.00,0.82
316,10,-0.01,0.03,0.03,0.15,0.15,0.22,0.02,0.02,0.03,0.00,0.00,0.00,0.84,0.01,0.84
317,10,-0.01,0.04,0.04,0.04,0.31,0.31,0.02,0.02,0.03,0.00,0.00,0.00,0.83,0.03,0.83
318,10,-0.01,0.04,0.05,-0.01,-0.02,0.02,0.02,0.03,0.03,0.00,0.00,0.00,0.82,0.00,0.82
319,10,-0.01,0.04,0.04,0.05,-0.43,0.44,0.02,0.03,0.04,0.00,0.00,0.00,0.83,0.00,0.83
320,10,-0.01,0.02,0.02,0.10,-0.32,0.34,0.02,0.03,0.04,0.00,0.00,0.00,0.83,0.00,0.83
321,10,-0.00,0.02,0.02,-0.00,0.10,0.10,0.02,0.03,0.04,0.00,0.00,0.00,0.82,0.01,0.82
322,10,-0.01,0.03,0.03,-0.23,0.34,0.41,0.02,0.03,0.04,0.00,0.00,0.00,0.80,0.03,0.80
323,10,-0.02,0.03,0.04,-0.19,0.08,0.21,0.02,0.03,0.04,0.00,0.00,0.00,0.81,0.01,0.81
324,10,-0.02,0.03,0.04,0.10,-0.30,0.31,0.02,0.03,0.04,0.00,0.00,0.00,0.83,0.00,0.83
325,10,-0.01,0.02,0.02,0.14,-0.22,0.26,0.02,0.03,0.04,0.00,0.00,0.00,0.84,0.00,0.84
326,10,-0.01,0.02,0.02,-0.04,0.08,0.09,0.02,0.03,0.04,0.00,0.00,0.00,0.82,0.01,0.82
327,10,-0.01,0.02,0.03,-0.04,0.10,0.11,0.02,0.03,0.04,0.00,0.00,0.00,0.82,0.01,0.82
328,10,-0.01,0.02,0.03,0.28,-0.14,0.32,0.02,0.03,0.04,0.00,0.00,0.00,0.85,0.00,0.85
329,10,0.01,0.01,0.01,0.65,-0.33,0.73,0.02,0.04,0.04,0.01,0.00,0.01,0.88,0.00,0.88
330,10,0.03,0.00,0.03,0.59,-0.16,0.61,0.02,0.04,0.04,0.03,0.00,0.03,0.87,0.00,0.87
331,10,0.04,0.00,0.04,0.05,0.14,0.15,0.02,0.03,0.04,0.03,0.00,0.03,0.83,0.01,0.83
332,11,0.03,0.01,0.03,-0.45,0.11,0.46,0.02,0.03,0.04,0.03,0.00,0.03,0.79,0.01,0.79
333,11,0.01,0.01,0.02,-0.51,-0.09,0.52,0.02,0.04,0.04,0.01,0.00,0.01,0.78,0.00,0.78
334,11,0.00,0.00,0.01,-0.31,-0.13,0.34,0.02,0.04,0.04,0.00,0.00,0.00,0.80,0.00,0.80
335,11,-0.01,0.00,0.01,-0.13,-0.01,0.13,0.02,0.04,0.04,0.00,0.00,0.00,0.81,0.00,0.81
336,11,-0.01,0.00,0.01,0.03,0.11,0.11,0.02,0.04,0.04,0.00,0.00,0.00,0.83,0.01,0.83
337,11,-0.00,0.01,0.01,0.19,0.08,0.21,0.02,0.04,0.04,0.00,0.00,0.00,0.84,0.01,0.84
338,11,0.00,0.01,0.01,0.16,-0.03,0.17,0.02,0.04,0.04,0.00,0.00,0.00,0.84,0.00,0.84
339,11,0.00,0.01,0.01,-0.29,-0.10,0.31,0.02,0.04,0.04,0.00,0.00,0.00,0.80,0.00,0.80
340,11,-0.02,0.00,0.02,-1.03,-0.15,1.04,0.02,0.04,0.04,0.00,0.00,0.00,0.74,0.00,0.74
341,11,-0.07,-0.00,0.07,-1.75,-0.13,1.76,0.02,0.04,0.04,0.00,0.00,0.00,0.68,0.00,0.68
342,11,-0.14,-0.01,0.14,-2.49,-0.12,2.49,0.02,0.04,0.04,0.00,0.00,0.00,0.61,0.00,0.61
343,11,-0.23,-0.01,0.23,-3.20,-0.19,3.20,0.01,0.04,0.04,0.00,0.00,0.00,0.55,0.00,0.55
344,11,-0.35,-0.02,0.35,-3.64,-0.29,3.65,0.01,0.04,0.04,0.00,0.00,0.00,0.52,0.00,0.52
345,11,-0.47,-0.03,0.47,-3.70,-0.62,3.75,-0.01,0.04,0.04,0.00,0.00,0.00,0.51,0.00,0.51
346,11,-0.59,-0.06,0.59,-3.31,-0.94,3.44,-0.03,0.03,0.04,0.00,0.00,0.00,0.55,0.00,0.55
347,11,-0.69,-0.09,0.69,-2.50,-0.79,2.62,-0.05,0.03,0.06,0.00,0.00,0.00,0.61,0.00,0.61
348,11,-0.75,-0.11,0.76,-1.55,-0.52,1.63,-0.07,0.03,0.08,0.00,0.00,0.00,0.69,0.00,0.69
349,11,-0.79,-0.13,0.80,-0.74,-0.43,0.86,-0.10,0.02,0.10,0.00,0.00,0.00,0.76,0.00,0.76
350,11,-0.80,-0.14,0.82,-0.13,-0.42,0.44,-0.13,0.02,0.13,0.00,0.00,0.00,0.81,0.00,0.81
351,11,-0.80,-0.16,0.82,0.31,-0.53,0.62,-0.15,0.02,0.15,0.00,0.00,0.00,0.85,0.00,0.85
352,11,-0.79,-0.18,0.81,0.62,-0.54,0.83,-0.18,0.01,0.18,0.00,0.00,0.00,0.88,0.00,0.88
353,11,-0.76,-0.19,0.78,0.96,-0.24,0.99,-0.21,0.00,0.21,0.00,0.00,0.00,0.90,0.00,0.90
354,11,-0.72,-0.19,0.75,1.24,-0.03,1.24,-0.23,-0.00,0.23,0.00,0.00,0.00,0.93,0.00,0.93
355,11,-0.68,-0.19,0.71,1.23,-0.02,1.23,-0.25,-0.01,0.26,0.00,0.00,0.00,0.93,0.00,0.93
356,11,-0.64,-0.19,0.67,0.96,0.07,0.97,-0.28,-0.02,0.28,0.00,0.00,0.00,0.90,0.01,0.90
357,11,-0.62,-0.19,0.65,0.68,0.20,0.71,-0.30,-0.02,0.30,0.00,0.00,0.00,0.88,0.02,0.88
358,11,-0.60,-0.18,0.62,0.58,0.25,0.63,-0.32,-0.03,0.32,0.00,0.00,0.00,0.87,0.02,0.87
359,11,-0.58,-0.17,0.60,0.76,0.21,0.78,-0.34,-0.04,0.34,0.00,0.00,0.00,0.89,0.02,0.89
360,11,-0.55,-0.17,0.57,1.05,0.13,1.06,-0.36,-0.04,0.36,0.00,0.00,0.00,0.91,0.01,0.91
361,11,-0.50,-0.16,0.53,1.37,0.20,1.38,-0.37,-0.05,0.38,0.00,0.00,0.00,0.94,0.02,0.94
362,12,-0.45,-0.15,0.48,1.86,0.51,1.93,-0.39,-0.05,0.39,0.00,0.00,0.00,0.98,0.04,0.98
363,12,-0.38,-0.13,0.40,2.47,1.00,2.66,-0.40,-0.06,0.41,0.00,0.00,0.00,1.03,0.08,1.03
364,12,-0.29,-0.09,0.30,3.01,1.36,3.30,-0.42,-0.06,0.42,0.00,0.00,0.00,1.08,0.11,1.08
365,12,-0.18,-0.04,0.18,3.58,1.39,3.84,-0.42,-0.06,0.43,0.00,0.00,0.00,1.12,0.12,1.13
366,12,-0.05,0.00,0.05,4.01,1.16,4.18,-0.43,-0.06,0.43,0.00,0.00,0.00,1.16,0.10,1.16
367,12,0.08,0.04,0.09,4.06,0.78,4.13,-0.43,-0.06,0.43,0.10,0.00,0.10,1.16,0.07,1.17
368,12,0.21,0.05,0.22,3.68,0.39,3.70,-0.42,-0.06,0.43,0.24,0.00,0.24,1.13,0.03,1.13
369,12,0.32,0.06,0.33,2.75,0.17,2.76,-0.41,-0.06,0.42,0.34,0.00,0.34,1.05,0.01,1.05
370,12,0.39,0.07,0.40,1.50,0.08,1.51,-0.40,-0.06,0.40,0.37,0.00,0.37,0.95,0.01,0.95
371,12,0.43,0.07,0.43,0.64,0.05,0.64,-0.39,-0.05,0.39,0.38,0.00,0.38,0.88,0.00,0.88
372,12,0.44,0.07,0.45,0.24,0.10,0.26,-0.37,-0.05,0.37,0.37,0.00,0.37,0.84,0.01,0.84
373,12,0.45,0.08,0.45,0.12,0.18,0.22,-0.36,-0.05,0.36,0.37,0.00,0.37,0.83,0.02,0.83
374,12,0.45,0.08,0.46,0.21,0.21,0.30,-0.34,-0.05,0.34,0.38,0.00,0.38,0.84,0.02,0.84
375,12,0.46,0.09,0.47,0.13,0.18,0.22,-0.33,-0.04,0.33,0.38,0.00,0.38,0.83,0.02,0.83
376,12,0.46,0.09,0.47,-0.13,0.12,0.17,-0.31,-0.04,0.31,0.37,0.00,0.37,0.81,0.01,0.81
377,12,0.45,0.10,0.46,-0.29,-0.04,0.29,-0.29,-0.04,0.30,0.36,0.00,0.36,0.80,0.00,0.80
378,12,0.44,0.09,0.45,-0.37,-0.23,0.44,-0.28,-0.03,0.28,0.35,0.00,0.35,0.79,0.00,0.79
379,12,0.43,0.08,0.44,-0.34,-0.29,0.45,-0.27,-0.03,0.27,0.34,0.00,0.34,0.79,0.00,0.79
380,12,0.42,0.07,0.43,-0.12,-0.19,0.22,-0.25,-0.03,0.25,0.34,0.00,0.34,0.81,0.00,0.81
381,12,0.42,0.07,0.43,0.12,-0.00,0.12,-0.24,-0.03,0.24,0.35,0.00,0.35,0.83,0.00,0.83
382,12,0.43,0.07,0.43,0.23,0.12,0.26,-0.22,-0.02,0.23,0.36,0.00,0.36,0.84,0.01,0.84
383,12,0.44,0.08,0.44,0.22,0.07,0.23,-0.21,-0.02,0.21,0.37,0.00,0.37,0.84,0.01,0.84
384,12,0.44,0.08,0.45,0.01,-0.10,0.10,-0.19,-0.02,0.20,0.36,0.00,0.36,0.82,0.00,0.82
385,12,0.43,0.07,0.44,-0.26,-0.26,0.37,-0.18,-0.02,0.18,0.35,0.00,0.35,0.80,0.00,0.80
386,12,0.42,0.06,0.43,-0.28,-0.29,0.40,-0.17,-0.01,0.17,0.34,0.00,0.34,0.80,0.00,0.80
387,12,0.42,0.05,0.42,-0.09,-0.17,0.19,-0.15,-0.01,0.15,0.34,0.00,0.34,0.82,0.00,0.82
388,12,0.42,0.05,0.42,0.07,-0.07,0.10,-0.14,-0.01,0.14,0.35,0.00,0.35,0.83,0.00,0.83
389,12,0.42,0.05,0.42,0.12,-0.06,0.14,-0.12,-0.01,0.12,0.35,0.00,0.35,0.83,0.00,0.83
390,12,0.42,0.05,0.43,0.07,-0.05,0.09,-0.11,-0.01,0.11,0.35,0.00,0.35,0.83,0.00,0.83
391,12,0.43,0.04,0.43,-0.03,-0.09,0.10,-0.10,-0.01,0.10,0.35,0.00,0.35,0.82,0.00,0.82
392,13,0.42,0.04,0.43,-0.11,-0.12,0.17,-0.08,-0.00,0.08,0.34,0.00,0.34,0.81,0.00,0.81
393,13,0.42,0.04,0.42,-0.14,0.03,0.14,-0.07,-0.00,0.07,0.34,0.00,0.34,0.81,0.00,0.81
394,13,0.41,0.04,0.42,-0.11,0.14,0.18,-0.05,-0.00,0.05,0.34,0.00,0.34,0.81,0.01,0.81
395,13,0.41,0.04,0.41,-0.15,0.06,0.16,-0.04,-0.00,0.04,0.33,0.00,0.33,0.81,0.00,0.81
396,13,0.40,0.04,0.41,-0.35,-0.02,0.35,-0.03,0.00,0.03,0.32,0.00,0.32,0.79,0.00,0.79
397,13,0.38,0.04,0.39,-0.75,-0.05,0.75,-0.01,0.00,0.01,0.29,0.00,0.29,0.76,0.00,0.76
398,13,0.35,0.04,0.35,-1.39,-0.11,1.39,0.00,0.00,0.00,0.25,0.00,0.25,0.71,0.00,0.71
399,13,0.29,0.04,0.29,-2.18,-0.09,2.18,0.01,0.00,0.01,0.19,0.00,0.19,0.64,0.00,0.64
400,13,0.21,0.04,0.21,-2.79,-0.04,2.79,0.02,0.01,0.02,0.12,0.00,0.12,0.59,0.00,0.59
401,13,0.11,0.03,0.12,-2.75,-0.03,2.75,0.03,0.01,0.03,0.07,0.00,0.07,0.59,0.00,0.59
402,13,0.03,0.03,0.05,-1.94,0.04,1.94,0.03,0.01,0.03,0.02,0.00,0.02,0.66,0.00,0.66
403,13,-0.01,0.04,0.04,-0.91,0.12,0.91,0.03,0.01,0.03,0.00,0.00,0.00,0.75,0.01,0.75
404,13,-0.03,0.04,0.05,-0.24,0.04,0.24,0.03,0.01,0.03,0.00,0.00,0.00,0.80,0.00,0.80
405,13,-0.03,0.04,0.05,0.01,-0.17,0.17,0.02,0.01,0.03,0.00,0.00,0.00,0.82,0.00,0.82
406,13,-0.03,0.03,0.04,0.17,-0.31,0.35,0.02,0.01,0.03,0.00,0.00,0.00,0.84,0.00,0.84
407,13,-0.02,0.02,0.03,0.34,-0.21,0.40,0.02,0.01,0.03,0.00,0.00,0.00,0.85,0.00,0.85
408,13,-0.01,0.02,0.02,0.37,0.06,0.37,0.02,0.01,0.03,0.00,0.00,0.00,0.85,0.01,0.85
409,13,-0.00,0.02,0.02,0.17,0.13,0.21,0.02,0.01,0.03,0.00,0.00,0.00,0.84,0.01,0.84
410,13,-0.00,0.02,0.02,-0.17,-0.01,0.17,0.02,0.02,0.03,0.00,0.00,0.00,0.81,0.00,0.81
411,13,-0.01,0.02,0.02,-0.39,-0.19,0.43,0.02,0.02,0.03,0.00,0.00,0.00,0.79,0.00,0.79
412,13,-0.02,0.01,0.03,-0.32,-0.27,0.42,0.02,0.02,0.03,0.00,0.00,0.00,0.80,0.00,0.80
413,13,-0.03,0.01,0.03,-0.10,-0.11,0.15,0.02,0.02,0.03,0.00,0.00,0.00,0.82,0.00,0.82
414,13,-0.03,0.01,0.03,0.10,0.09,0.13,0.02,0.02,0.03,0.00,0.00,0.00,0.83,0.01,0.83
415,13,-0.03,0.01,0.03,0.19,0.03,0.20,0.02,0.02,0.03,0.00,0.00,0.00,0.84,0.00,0.84
416,13,-0.02,0.01,0.02,0.04,-0.12,0.13,0.02,0.02,0.03,0.00,0.00,0.00,0.83,0.00,0.83
417,13,-0.02,0.00,0.02,-0.19,-0.13,0.23,0.02,0.02,0.03,0.00,0.00,0.00,0.81,0.00,0.81
418,13,-0.03,-0.00,0.03,-0.09,-0.02,0.10,0.02,0.02,0.02,0.00,0.00,0.00,0.82,0.00,0.82
419,13,-0.03,0.00,0.03,0.11,0.05,0.12,0.01,0.02,0.02,0.00,0.00,0.00,0.83,0.00,0.83
420,13,-0.02,0.00,0.02,0.20,0.16,0.26,0.01,0.02,0.02,0.00,0.00,0.00,0.84,0.01,0.84
421,13,-0.01,0.01,0.02,0.34,0.17,0.38,0.01,0.02,0.02,0.00,0.00,0.00,0.85,0.01,0.85
422,14,-0.00,0.01,0.01,0.33,-0.02,0.33,0.01,0.02,0.02,0.00,0.00,0.00,0.85,0.00,0.85
423,14,0.01,0.01,0.01,0.20,-0.07,0.21,0.01,0.02,0.02,0.00,0.00,0.00,0.84,0.00,0.84
424,14,0.01,0.01,0.01,0.07,-0.07,0.10,0.01,0.02,0.02,0.01,0.00,0.01,0.83,0.00,0.83
425,14,0.01,0.00,0.01,-0.17,-0.16,0.23,0.01,0.02,0.02,0.01,0.00,0.01,0.81,0.00,0.81
426,14,-0.00,-0.00,0.00,-0.31,-0.08,0.32,0.01,0.02,0.02,0.00,0.00,0.00,0.80,0.00,0.80
427,14,-0.01,-0.00,0.01,-0.21,-0.07,0.22,0.01,0.02,0.02,0.00,0.00,0.00,0.81,0.00,0.81
428,14,-0.02,-0.01,0.02,-0.31,-0.20,0.37,0.01,0.02,0.02,0.00,0.00,0.00,0.80,0.00,0.80
429,14,-0.04,-0.01,0.04,-0.91,-0.13,0.92,0.01,0.02,0.02,0.00,0.00,0.00,0.75,0.00,0.75
430,14,-0.08,-0.02,0.08,-1.87,-0.10,1.88,0.01,0.02,0.02,0.00,0.00,0.00,0.67,0.00,0.67
431,14,-0.16,-0.02,0.16,-3.00,-0.28,3.01,0.01,0.02,0.02,0.00,0.00,0.00,0.57,0.00,0.57
432,14,-0.28,-0.03,0.28,-3.86,-0.47,3.89,0.00,0.02,0.02,0.00,0.00,0.00,0.50,0.00,0.50
433,14,-0.41,-0.05,0.42,-4.07,-0.67,4.13,-0.01,0.02,0.02,0.00,0.00,0.00,0.48,0.00,0.48
434,14,-0.54,-0.08,0.55,-3.72,-0.76,3.80,-0.03,0.01,0.03,0.00,0.00,0.00,0.51,0.00,0.51
435,14,-0.66,-0.10,0.66,-2.95,-0.63,3.02,-0.05,0.01,0.05,0.00,0.00,0.00,0.58,0.00,0.58
436,14,-0.74,-0.12,0.75,-1.95,-0.48,2.01,-0.07,0.01,0.07,0.00,0.00,0.00,0.66,0.00,0.66
437,14,-0.79,-0.14,0.80,-1.07,-0.43,1.15,-0.10,0.00,0.10,0.00,0.00,0.00,0.73,0.00,0.73
438,14,-0.81,-0.15,0.82,-0.26,-0.44,0.51,-0.12,-0.00,0.12,0.00,0.00,0.00,0.80,0.00,0.80
439,14,-0.81,-0.16,0.82,0.43,-0.46,0.63,-0.15,-0.01,0.15,0.00,0.00,0.00,0.86,0.00,0.86
440,14,-0.78,-0.18,0.80,0.77,-0.33,0.83,-0.18,-0.01,0.18,0.00,0.00,0.00,0.89,0.00,0.89
441,14,-0.76,-0.18,0.78,0.99,-0.01,0.99,-0.20,-0.02,0.21,0.00,0.00,0.00,0.91,0.00,0.91
442,14,-0.72,-0.18,0.74,1.10,0.27,1.13,-0.23,-0.03,0.23,0.00,0.00,0.00,0.92,0.02,0.92
443,14,-0.69,-0.17,0.71,0.99,0.31,1.04,-0.25,-0.03,0.25,0.00,0.00,0.00,0.91,0.03,0.91
444,14,-0.66,-0.16,0.67,0.77,0.19,0.79,-0.27,-0.04,0.28,0.00,0.00,0.00,0.89,0.02,0.89
445,14,-0.63,-0.16,0.65,0.54,0.06,0.54,-0.30,-0.04,0.30,0.00,0.00,0.00,0.87,0.01,0.87
446,14,-0.62,-0.16,0.64,0.47,0.11,0.49,-0.32,-0.05,0.32,0.00,0.00,0.00,0.86,0.01,0.86
447,14,-0.60,-0.15,0.62,0.78,0.42,0.88,-0.34,-0.05,0.34,0.00,0.00,0.00,0.89,0.04,0.89
448,14,-0.56,-0.13,0.58,1.22,0.67,1.39,-0.36,-0.06,0.36,0.00,0.00,0.00,0.93,0.06,0.93
449,14,-0.52,-0.11,0.53,1.45,0.63,1.58,-0.38,-0.06,0.38,0.00,0.00,0.00,0.94,0.05,0.95
450,14,-0.47,-0.09,0.48,1.65,0.58,1.75,-0.39,-0.06,0.40,0.00,0.00,0.00,0.96,0.05,0.96
451,14,-0.41,-0.07,0.41,2.07,0.57,2.15,-0.41,-0.07,0.41,0.00,0.00,0.00,1.00,0.05,1.00
452,15,-0.33,-0.05,0.33,2.76,0.72,2.85,-0.42,-0.07,0.43,0.00,0.00,0.00,1.06,0.06,1.06
453,15,-0.22,-0.02,0.22,3.70,1.13,3.87,-0.43,-0.07,0.44,0.00,0.00,0.00,1.13,0.09,1.14
454,15,-0.08,0.02,0.09,4.41,1.25,4.59,-0.44,-0.07,0.44,0.00,0.00,0.00,1.19,0.10,1.20
455,15,0.07,0.06,0.09,4.40,0.90,4.49,-0.44,-0.07,0.44,0.08,0.00,0.08,1.19,0.08,1.19
456,15,0.20,0.08,0.22,3.74,0.47,3.77,-0.43,-0.07,0.44,0.23,0.00,0.23,1.14,0.04,1.14
457,15,0.31,0.09,0.32,2.61,0.13,2.61,-0.42,-0.06,0.43,0.32,0.00,0.32,1.04,0.01,1.04
458,15,0.38,0.09,0.39,1.50,-0.05,1.50,-0.41,-0.06,0.41,0.36,0.00,0.36,0.95,0.00,0.95
459,15,0.42,0.09,0.43,0.88,-0.00,0.88,-0.39,-0.06,0.40,0.37,0.00,0.37,0.90,0.00,0.90
460,15,0.44,0.09,0.45,0.66,0.07,0.66,-0.38,-0.05,0.38,0.39,0.00,0.39,0.88,0.01,0.88
461,15,0.46,0.10,0.47,0.53,0.04,0.53,-0.37,-0.05,0.37,0.40,0.00,0.40,0.87,0.00,0.87
462,15,0.47,0.10,0.48,0.23,-0.04,0.23,-0.35,-0.05,0.35,0.40,0.00,0.40,0.84,0.00,0.84
463,15,0.47,0.09,0.48,-0.18,-0.18,0.25,-0.33,-0.04,0.34,0.38,0.00,0.38,0.81,0.00,0.81
464,15,0.46,0.09,0.47,-0.48,-0.30,0.56,-0.32,-0.04,0.32,0.36,0.00,0.36,0.78,0.00,0.78
465,15,0.44,0.07,0.45,-0.62,-0.31,0.70,-0.30,-0.04,0.30,0.34,0.00,0.34,0.77,0.00,0.77
466,15,0.43,0.07,0.43,-0.49,-0.25,0.55,-0.29,-0.04,0.29,0.33,0.00,0.33,0.78,0.00,0.78
467,15,0.41,0.06,0.42,-0.22,-0.19,0.29,-0.27,-0.03,0.28,0.33,0.00,0.33,0.80,0.00,0.80
468,15,0.41,0.05,0.41,-0.00,-0.10,0.10,-0.26,-0.03,0.26,0.34,0.00,0.34,0.82,0.00,0.82
469,15,0.41,0.05,0.42,0.17,0.08,0.19,-0.25,-0.03,0.25,0.35,0.00,0.35,0.84,0.01,0.84
470,15,0.42,0.06,0.42,0.25,0.27,0.36,-0.23,-0.03,0.23,0.35,0.00,0.35,0.84,0.02,0.84
471,15,0.43,0.07,0.43,0.18,0.27,0.32,-0.22,-0.03,0.22,0.36,0.00,0.36,0.84,0.02,0.84
472,15,0.43,0.07,0.44,0.08,0.04,0.09,-0.20,-0.02,0.21,0.36,0.00,0.36,0.83,0.00,0.83
473,15,0.43,0.07,0.44,0.03,-0.23,0.24,-0.19,-0.02,0.19,0.36,0.00,0.36,0.83,0.00,0.83
474,15,0.43,0.06,0.44,0.06,-0.34,0.34,-0.18,-0.02,0.18,0.36,0.00,0.36,0.83,0.00,0.83
475,15,0.44,0.05,0.44,0.00,-0.22,0.22,-0.16,-0.02,0.16,0.36,0.00,0.36,0.82,0.00,0.82
476,15,0.43,0.05,0.44,-0.14,-0.08,0.16,-0.15,-0.02,0.15,0.35,0.00,0.35,0.81,0.00,0.81
477,15,0.43,0.04,0.43,-0.17,-0.06,0.18,-0.13,-0.01,0.13,0.35,0.00,0.35,0.81,0.00,0.81
478,15,0.42,0.04,0.43,-0.06,-0.10,0.12,-0.12,-0.01,0.12,0.35,0.00,0.35,0.82,0.00,0.82
479,15,0.43,0.04,0.43,0.23,-0.11,0.26,-0.10,-0.01,0.10,0.36,0.00,0.36,0.84,0.00,0.84
480,15,0.44,0.03,0.44,0.61,0.00,0.61,-0.09,-0.01,0.09,0.39,0.00,0.39,0.87,0.00,0.87
481,15,0.46,0.04,0.46,0.66,0.22,0.69,-0.07,-0.01,0.08,0.41,0.00,0.41,0.88,0.02,0.88
482,16,0.48,0.05,0.48,0.28,0.25,0.37,-0.06,-0.01,0.06,0.41,0.00,0.41,0.85,0.02,0.85
483,16,0.48,0.05,0.48,-0.22,0.05,0.23,-0.04,-0.01,0.04,0.39,0.00,0.39,0.80,0.00,0.80
484,16,0.46,0.05,0.47,-0.78,-0.12,0.79,-0.03,-0.00,0.03,0.35,0.00,0.35,0.76,0.00,0.76
485,16,0.43,0.05,0.43,-1.40,-0.14,1.41,-0.01,-0.00,0.01,0.30,0.00,0.30,0.71,0.00,0.71
486,16,0.37,0.04,0.37,-1.99,-0.05,1.99,0.00,-0.00,0.00,0.24,0.00,0.24,0.66,0.00,0.66
487,16,0.29,0.04,0.30,-2.64,-0.04,2.64,0.02,0.00,0.02,0.18,0.00,0.18,0.60,0.00,0.60
488,16,0.19,0.04,0.20,-3.30,-0.23,3.31,0.02,0.00,0.02,0.11,0.00,0.11,0.55,0.00,0.55
489,16,0.08,0.03,0.09,-3.42,-0.43,3.45,0.03,0.00,0.03,0.04,0.00,0.04,0.54,0.00,0.54
490,16,-0.02,0.01,0.03,-2.73,-0.43,2.76,0.03,0.00,0.03,0.00,0.00,0.00,0.59,0.00,0.59
491,16,-0.10,-0.00,0.10,-1.51,-0.27,1.54,0.03,0.00,0.03,0.00,0.00,0.00,0.70,0.00,0.70
492,16,-0.12,-0.01,0.12,-0.22,-0.08,0.23,0.02,0.00,0.02,0.00,0.00,0.00,0.80,0.00,0.80
493,16,-0.11,-0.01,0.11,0.61,0.02,0.61,0.02,0.00,0.02,0.00,0.00,0.00,0.87,0.00,0.87
494,16,-0.09,-0.01,0.09,0.87,0.04,0.87,0.01,0.00,0.01,0.00,0.00,0.00,0.90,0.00,0.90
495,16,-0.06,-0.00,0.06,0.90,0.08,0.90,0.01,0.00,0.01,0.00,0.00,0.00,0.90,0.01,0.90
496,16,-0.03,0.00,0.03,0.84,0.18,0.86,0.01,0.00,0.01,0.00,0.00,0.00,0.89,0.01,0.89
497,16,-0.00,0.01,0.01,0.69,0.26,0.74,0.01,0.00,0.01,0.00,0.00,0.00,0.88,0.02,0.88
498,16,0.01,0.02,0.02,0.42,0.16,0.45,0.01,0.00,0.01,0.01,0.00,0.01,0.86,0.01,0.86
499,16,0.02,0.02,0.03,-0.07,-0.10,0.12,0.01,0.00,0.01,0.02,0.00,0.02,0.82,0.00,0.82
500,16,0.01,0.01,0.02,-0.38,-0.23,0.44,0.01,0.01,0.01,0.01,0.00,0.01,0.79,0.00,0.79
501,16,-0.00,0.00,0.00,-0.35,-0.10,0.37,0.01,0.01,0.01,0.00,0.00,0.00,0.79,0.00,0.79
502,16,-0.01,0.01,0.01,-0.27,0.16,0.31,0.01,0.00,0.01,0.00,0.00,0.00,0.80,0.01,0.80
503,16,-0.02,0.02,0.02,-0.10,0.37,0.38,0.01,0.00,0.01,0.00,0.00,0.00,0.81,0.03,0.82
504,16,-0.02,0.02,0.03,0.06,0.15,0.16,0.01,0.01,0.01,0.00,0.00,0.00,0.83,0.01,0.83
505,16,-0.01,0.02,0.03,0.13,-0.21,0.25,0.01,0.01,0.01,0.00,0.00,0.00,0.83,0.00,0.83
506,16,-0.01,0.01,0.02,0.25,-0.23,0.34,0.01,0.01,0.01,0.00,0.00,0.00,0.84,0.00,0.84
507,16,0.00,0.01,0.01,0.28,-0.18,0.33,0.01,0.01,0.01,0.00,0.00,0.00,0.85,0.00,0.85
508,16,0.01,0.00,0.01,0.13,-0.21,0.25,0.01,0.01,0.01,0.01,0.00,0.01,0.83,0.00,0.83
509,16,0.01,-0.00,0.01,-0.02,-0.16,0.16,0.01,0.01,0.01,0.01,0.00,0.01,0.82,0.00,0.82
510,16,0.01,-0.01,0.01,-0.14,-0.15,0.21,0.01,0.01,0.01,0.01,0.00,0.01,0.81,0.00,0.81
511,16,0.00,-0.01,0.01,-0.12,-0.03,0.12,0.01,0.01,0.01,0.00,0.00,0.00,0.81,0.00,0.81
512,17,-0.00,-0.01,0.01,-0.02,0.13,0.14,0.01,0.01,0.01,0.00,0.00,0.00,0.82,0.01,0.82
513,17,-0.00,-0.01,0.01,-0.19,0.11,0.22,0.01,0.01,0.01,0.00,0.00,0.00,0.81,0.01,0.81
514,17,-0.02,-0.00,0.02,-0.81,0.12,0.82,0.01,0.01,0.01,0.00,0.00,0.00,0.76,0.01,0.76
515,17,-0.06,0.00,0.06,-1.76,0.12,1.77,0.01,0.01,0.01,0.00,0.00,0.00,0.68,0.01,0.68
516,17,-0.14,0.00,0.14,-2.78,-0.12,2.78,0.01,0.01,0.01,0.00,0.00,0.00,0.59,0.00,0.59
517,17,-0.24,-0.01,0.24,-3.51,-0.52,3.55,0.00,0.01,0.01,0.00,0.00,0.00,0.53,0.00,0.53
518,17,-0.37,-0.03,0.37,-3.85,-0.99,3.97,-0.01,0.01,0.01,0.00,0.00,0.00,0.50,0.00,0.50
519,17,-0.49,-0.07,0.50,-3.83,-1.13,3.99,-0.02,0.01,0.02,0.00,0.00,0.00,0.50,0.00,0.50
520,17,-0.61,-0.10,0.62,-3.29,-0.88,3.41,-0.04,0.00,0.04,0.00,0.00,0.00,0.55,0.00,0.55
521,17,-0.71,-0.13,0.72,-2.27,-0.64,2.36,-0.06,-0.00,0.06,0.00,0.00,0.00,0.63,0.00,0.63
522,17,-0.77,-0.15,0.78,-1.27,-0.40,1.34,-0.09,-0.01,0.09,0.00,0.00,0.00,0.72,0.00,0.72
523,17,-0.80,-0.16,0.81,-0.63,-0.13,0.65,-0.12,-0.01,0.12,0.00,0.00,0.00,0.77,0.00,0.77
524,17,-0.81,-0.16,0.83,-0.24,-0.04,0.25,-0.14,-0.02,0.14,0.00,0.00,0.00,0.80,0.00,0.80
525,17,-0.82,-0.16,0.83,-0.03,0.00,0.03,-0.17,-0.02,0.17,0.00,0.00,0.00,0.82,0.00,0.82
526,17,-0.81,-0.16,0.83,0.23,0.07,0.24,-0.20,-0.03,0.20,0.00,0.00,0.00,0.84,0.01,0.84
527,17,-0.80,-0.15,0.81,0.66,0.14,0.68,-0.23,-0.03,0.23,0.00,0.00,0.00,0.88,0.01,0.88
528,17,-0.77,-0.15,0.79,0.87,0.21,0.89,-0.25,-0.04,0.26,0.00,0.00,0.00,0.90,0.02,0.90
529,17,-0.75,-0.14,0.76,0.67,0.17,0.69,-0.28,-0.04,0.28,0.00,0.00,0.00,0.88,0.01,0.88
530,17,-0.73,-0.14,0.74,0.48,0.10,0.49,-0.30,-0.05,0.31,0.00,0.00,0.00,0.86,0.01,0.86
531,17,-0.71,-0.13,0.72,0.61,0.24,0.66,-0.33,-0.05,0.33,0.00,0.00,0.00,0.87,0.02,0.87
532,17,-0.69,-0.12,0.70,0.89,0.47,1.01,-0.35,-0.06,0.35,0.00,0.00,0.00,0.90,0.04,0.90
533,17,-0.65,-0.10,0.66,1.23,0.49,1.33,-0.37,-0.06,0.38,0.00,0.00,0.00,0.93,0.04,0.93
534,17,-0.60,-0.09,0.61,1.67,0.38,1.71,-0.39,-0.06,0.40,0.00,0.00,0.00,0.96,0.03,0.96
535,17,-0.54,-0.08,0.54,2.04,0.37,2.08,-0.41,-0.07,0.42,0.00,0.00,0.00,0.99,0.03,1.00
536,17,-0.46,-0.06,0.46,2.82,0.50,2.87,-0.43,-0.07,0.44,0.00,0.00,0.00,1.06,0.04,1.06
537,17,-0.34,-0.04,0.35,4.14,0.86,4.23,-0.44,-0.07,0.45,0.00,0.00,0.00,1.17,0.07,1.17
538,17,-0.19,-0.00,0.19,4.98,1.24,5.14,-0.46,-0.07,0.46,0.00,0.00,0.00,1.24,0.10,1.25
539,17,-0.02,0.04,0.04,4.95,1.25,5.10,-0.46,-0.07,0.46,0.00,0.00,0.00,1.24,0.10,1.24
540,17,0.13,0.07,0.15,4.20,0.89,4.30,-0.46,-0.07,0.46,0.16,0.01,0.16,1.18,0.08,1.18
541,17,0.25,0.10,0.27,2.90,0.35,2.92,-0.45,-0.07,0.45,0.27,0.00,0.27,1.07,0.03,1.07
542,18,0.33,0.10,0.34,1.77,-0.18,1.78,-0.44,-0.06,0.44,0.32,0.00,0.32,0.97,0.00,0.97
543,18,0.38,0.09,0.39,1.14,-0.33,1.19,-0.42,-0.06,0.43,0.34,0.00,0.34,0.92,0.00,0.92
544,18,0.41,0.08,0.41,0.67,-0.15,0.69,-0.41,-0.06,0.42,0.36,0.00,0.36,0.88,0.00,0.88
545,18,0.42,0.08,0.43,0.28,0.03,0.28,-0.40,-0.05,0.40,0.36,0.00,0.36,0.85,0.00,0.85
546,18,0.42,0.08,0.43,-0.12,0.07,0.14,-0.38,-0.05,0.39,0.34,0.00,0.34,0.81,0.01,0.81
547,18,0.41,0.08,0.42,-0.50,0.02,0.50,-0.37,-0.05,0.37,0.32,0.00,0.32,0.78,0.00,0.78
548,18,0.39,0.08,0.40,-0.56,-0.08,0.56,-0.35,-0.05,0.36,0.31,0.00,0.31,0.78,0.00,0.78
549,18,0.38,0.08,0.39,-0.40,-0.21,0.45,-0.34,-0.04,0.34,0.30,0.00,0.30,0.79,0.00,0.79
550,18,0.37,0.07,0.37,-0.28,-0.29,0.40,-0.33,-0.04,0.33,0.29,0.00,0.29,0.80,0.00,0.80
551,18,0.36,0.06,0.36,-0.19,-0.20,0.27,-0.32,-0.04,0.32,0.29,0.00,0.29,0.81,0.00,0.81
552,18,0.35,0.05,0.36,-0.14,-0.07,0.16,-0.31,-0.04,0.31,0.29,0.00,0.29,0.81,0.00,0.81
553,18,0.35,0.05,0.35,-0.12,-0.04,0.13,-0.29,-0.04,0.30,0.28,0.00,0.28,0.81,0.00,0.81
554,18,0.35,0.05,0.35,-0.05,-0.10,0.11,-0.28,-0.03,0.28,0.28,0.00,0.28,0.82,0.00,0.82
555,18,0.35,0.04,0.35,-0.01,-0.19,0.19,-0.27,-0.03,0.27,0.29,0.00,0.29,0.82,0.00,0.82
556,18,0.35,0.04,0.35,0.02,-0.19,0.19,-0.26,-0.03,0.26,0.29,0.00,0.29,0.83,0.00,0.83
557,18,0.35,0.03,0.35,0.06,-0.07,0.09,-0.25,-0.03,0.25,0.29,0.00,0.29,0.83,0.00,0.83
558,18,0.35,0.03,0.35,0.07,0.05,0.09,-0.24,-0.03,0.24,0.29,0.00,0.29,0.83,0.00,0.83
559,18,0.35,0.04,0.36,0.10,0.07,0.12,-0.22,-0.03,0.23,0.29,0.00,0.29,0.83,0.01,0.83
560,18,0.36,0.04,0.36,0.06,-0.00,0.06,-0.21,-0.03,0.21,0.30,0.00,0.30,0.83,0.00,0.83
561,18,0.36,0.04,0.36,-0.07,-0.06,0.10,-0.20,-0.02,0.20,0.29,0.00,0.29,0.82,0.00,0.82
562,18,0.35,0.03,0.35,-0.15,0.02,0.15,-0.19,-0.02,0.19,0.29,0.00,0.29,0.81,0.00,0.81
563,18,0.35,0.04,0.35,-0.16,0.20,0.26,-0.18,-0.02,0.18,0.28,0.00,0.28,0.81,0.02,0.81
564,18,0.34,0.05,0.35,-0.10,0.30,0.32,-0.17,-0.02,0.17,0.28,0.00,0.28,0.81,0.03,0.82
565,18,0.34,0.06,0.35,0.06,0.28,0.29,-0.15,-0.02,0.16,0.28,0.00,0.28,0.83,0.02,0.83
566,18,0.35,0.06,0.35,0.18,0.19,0.27,-0.14,-0.02,0.14,0.29,0.00,0.29,0.84,0.02,0.84
567,18,0.35,0.07,0.36,0.18,0.06,0.19,-0.13,-0.02,0.13,0.30,0.00,0.30,0.84,0.01,0.84
568,18,0.36,0.07,0.36,0.16,-0.09,0.18,-0.12,-0.01,0.12,0.30,0.00,0.30,0.84,0.00,0.84
569,18,0.36,0.06,0.37,0.15,-0.16,0.22,-0.11,-0.01,0.11,0.30,0.00,0.30,0.84,0.00,0.84
570,18,0.37,0.06,0.37,0.20,-0.12,0.24,-0.10,-0.01,0.10,0.31,0.00,0.31,0.84,0.00,0.84
571,18,0.38,0.06,0.38,0.31,0.05,0.32,-0.08,-0.01,0.08,0.32,0.00,0.32,0.85,0.00,0.85
572,19,0.39,0.06,0.39,0.28,0.17,0.33,-0.07,-0.00,0.07,0.33,0.00,0.33,0.85,0.01,0.85
573,19,0.39,0.07,0.40,0.01,0.09,0.09,-0.06,-0.00,0.06,0.32,0.00,0.32,0.82,0.01,0.82
574,19,0.39,0.07,0.39,-0.36,-0.07,0.36,-0.04,0.00,0.04,0.31,0.00,0.31,0.79,0.00,0.79
575,19,0.37,0.06,0.37,-0.88,-0.16,0.89,-0.03,0.00,0.03,0.27,0.00,0.27,0.75,0.00,0.75
576,19,0.33,0.06,0.33,-1.56,-0.14,1.57,-0.02,0.00,0.02,0.23,0.00,0.23,0.69,0.00,0.69
577,19,0.27,0.05,0.27,-2.18,-0.10,2.18,-0.01,0.01,0.01,0.17,0.00,0.17,0.64,0.00,0.64
578,19,0.18,0.05,0.19,-2.69,-0.13,2.69,0.00,0.01,0.01,0.11,0.00,0.11,0.60,0.00,0.60
579,19,0.09,0.05,0.10,-2.81,-0.09,2.81,0.00,0.01,0.01,0.05,0.00,0.05,0.59,0.00,0.59
580,19,0.00,0.05,0.05,-2.21,0.07,2.21,0.01,0.01,0.01,0.00,0.00,0.00,0.64,0.01,0.64
581,19,-0.05,0.05,0.07,-1.29,0.20,1.31,0.00,0.01,0.01,0.00,0.00,0.00,0.71,0.02,0.71
582,19,-0.08,0.06,0.10,-0.48,0.15,0.51,0.00,0.01,0.01,0.00,0.00,0.00,0.78,0.01,0.78
583,19,-0.09,0.06,0.11,0.17,-0.01,0.17,-0.00,0.02,0.02,0.00,0.00,0.00,0.84,0.00,0.84
584,19,-0.07,0.06,0.09,0.57,-0.11,0.58,-0.01,0.02,0.02,0.00,0.00,0.00,0.87,0.00,0.87
585,19,-0.05,0.05,0.07,0.82,-0.15,0.84,-0.01,0.02,0.02,0.00,0.00,0.00,0.89,0.00,0.89
586,19,-0.02,0.05,0.05,0.95,-0.16,0.96,-0.01,0.02,0.02,0.00,0.00,0.00,0.90,0.00,0.90
587,19,0.01,0.04,0.04,0.67,-0.11,0.68,-0.01,0.02,0.03,0.01,0.00,0.01,0.88,0.00,0.88
588,19,0.02,0.04,0.05,0.21,0.03,0.21,-0.01,0.02,0.03,0.02,0.00,0.02,0.84,0.00,0.84
589,19,0.02,0.04,0.05,-0.04,0.24,0.25,-0.01,0.03,0.03,0.02,0.00,0.02,0.82,0.02,0.82
590,19,0.02,0.06,0.06,0.07,0.34,0.35,-0.01,0.03,0.03,0.02,0.00,0.02,0.83,0.03,0.83
591,19,0.03,0.06,0.07,0.28,0.14,0.31,-0.01,0.03,0.03,0.02,0.00,0.02,0.85,0.01,0.85
592,19,0.04,0.06,0.07,0.19,-0.12,0.22,-0.01,0.03,0.03,0.03,0.00,0.03,0.84,0.00,0.84
593,19,0.04,0.06,0.07,-0.17,-0.15,0.23,-0.00,0.03,0.03,0.03,0.00,0.03,0.81,0.00,0.81
594,19,0.03,0.05,0.06,-0.34,-0.06,0.34,-0.00,0.04,0.04,0.02,0.00,0.02,0.79,0.00,0.79
595,19,0.02,0.05,0.06,-0.22,0.03,0.22,-0.00,0.04,0.04,0.02,0.00,0.02,0.80,0.00,0.80
596,19,0.01,0.06,0.06,-0.09,-0.02,0.09,-0.00,0.04,0.04,0.01,0.00,0.01,0.82,0.00,0.82
597,19,0.01,0.05,0.05,0.03,-0.25,0.25,-0.00,0.04,0.04,0.01,0.00,0.01,0.83,0.00,0.83
598,19,0.02,0.04,0.04,0.14,-0.36,0.39,0.00,0.04,0.04,0.01,0.00,0.01,0.84,0.00,0.84
599,19,0.02,0.03,0.04,0.31,-0.26,0.41,0.00,0.04,0.04,0.02,0.00,0.02,0.85,0.00,0.85
600,19,0.04,0.02,0.04,0.52,-0.18,0.55,0.00,0.04,0.04,0.03,0.00,0.03,0.87,0.00,0.87
601,19,0.05,0.02,0.06,0.48,-0.17,0.51,0.00,0.04,0.04,0.05,0.00,0.05,0.86,0.00,0.86
602,20,0.07,0.01,0.07,0.18,-0.23,0.29,0.00,0.05,0.05,0.06,0.00,0.06,0.84,0.00,0.84
603,20,0.07,0.00,0.07,-0.13,-0.24,0.28,0.01,0.05,0.05,0.05,0.00,0.05,0.81,0.00,0.81
604,20,0.06,-0.00,0.06,-0.31,-0.02,0.31,0.01,0.05,0.05,0.05,0.00,0.05,0.80,0.00,0.80
605,20,0.05,0.00,0.05,-0.33,0.36,0.49,0.01,0.05,0.05,0.04,0.00,0.04,0.80,0.03,0.80
606,20,0.04,0.02,0.04,-0.22,0.48,0.53,0.01,0.05,0.05,0.03,0.00,0.03,0.81,0.04,0.81
607,20,0.03,0.03,0.04,-0.06,0.16,0.17,0.01,0.05,0.05,0.03,0.00,0.03,0.82,0.01,0.82
608,20,0.04,0.03,0.04,0.13,-0.24,0.27,0.01,0.05,0.05,0.03,0.00,0.03,0.83,0.00,0.83
609,20,0.04,0.02,0.04,0.18,-0.41,0.45,0.02,0.05,0.05,0.03,0.00,0.03,0.84,0.00,0.84
610,20,0.04,0.00,0.04,-0.05,-0.36,0.37,0.02,0.05,0.05,0.04,0.00,0.04,0.82,0.00,0.82
611,20,0.04,-0.00,0.04,-0.24,-0.07,0.25,0.02,0.05,0.05,0.03,0.00,0.03,0.80,0.00,0.80
612,20,0.03,-0.00,0.03,-0.18,0.22,0.29,0.02,0.05,0.05,0.02,0.00,0.02,0.81,0.02,0.81
613,20,0.03,0.01,0.03,0.02,0.22,0.22,0.02,0.05,0.05,0.02,0.00,0.02,0.82,0.02,0.82
614,20,0.03,0.01,0.03,0.11,0.00,0.11,0.02,0.05,0.05,0.03,0.00,0.03,0.83,0.00,0.83
615,20,0.03,0.01,0.03,-0.10,-0.18,0.21,0.02,0.05,0.05,0.03,0.00,0.03,0.81,0.00,0.81
616,20,0.02,-0.00,0.02,-0.36,-0.18,0.40,0.02,0.05,0.06,0.02,0.00,0.02,0.79,0.00,0.79
617,20,0.01,-0.01,0.01,-0.34,-0.05,0.34,0.03,0.05,0.05,0.01,0.00,0.01,0.79,0.00,0.79
618,20,0.00,-0.00,0.00,-0.11,0.02,0.11,0.02,0.05,0.05,0.00,0.00,0.00,0.81,0.00,0.81
619,20,0.00,-0.00,0.01,0.09,-0.10,0.14,0.02,0.05,0.06,0.00,0.00,0.00,0.83,0.00,0.83
620,20,0.01,-0.01,0.01,0.03,-0.30,0.30,0.03,0.05,0.06,0.00,0.00,0.00,0.83,0.00,0.83
621,20,0.00,-0.02,0.02,-0.18,-0.26,0.32,0.03,0.05,0.05,0.00,0.00,0.00,0.81,0.00,0.81
622,20,-0.00,-0.03,0.03,-0.29,-0.04,0.29,0.03,0.05,0.05,0.00,0.00,0.00,0.80,0.00,0.80
623,20,-0.02,-0.03,0.03,-0.45,0.06,0.46,0.03,0.05,0.05,0.00,0.00,0.00,0.79,0.00,0.79
624,20,-0.04,-0.03,0.04,-0.64,0.03,0.64,0.02,0.05,0.05,0.00,0.00,0.00,0.77,0.00,0.77
625,20,-0.06,-0.03,0.06,-0.76,-0.13,0.78,0.02,0.04,0.05,0.00,0.00,0.00,0.76,0.00,0.76
626,20,-0.09,-0.04,0.10,-1.06,-0.39,1.13,0.02,0.04,0.05,0.00,0.00,0.00,0.73,0.00,0.73
627,20,-0.13,-0.05,0.14,-1.51,-0.55,1.60,0.02,0.04,0.05,0.00,0.00,0.00,0.70,0.00,0.70
628,20,-0.19,-0.07,0.20,-2.04,-0.51,2.11,0.01,0.04,0.04,0.00,0.00,0.00,0.65,0.00,0.65
629,20,-0.27,-0.09,0.28,-2.71,-0.45,2.75,0.01,0.04,0.04,0.00,0.00,0.00,0.60,0.00,0.60
630,20,-0.37,-0.10,0.38,-3.11,-0.59,3.17,-0.00,0.03,0.03,0.00,0.00,0.00,0.56,0.00,0.56
631,20,-0.47,-0.13,0.49,-2.97,-0.90,3.10,-0.02,0.03,0.04,0.00,0.00,0.00,0.57,0.00,0.57
632,21,-0.56,-0.16,0.58,-2.44,-1.04,2.65,-0.04,0.03,0.05,0.00,0.00,0.00,0.62,0.00,0.62
633,21,-0.63,-0.19,0.66,-1.60,-0.82,1.80,-0.06,0.02,0.06,0.00,0.00,0.00,0.69,0.00,0.69
634,21,-0.67,-0.21,0.70,-0.69,-0.34,0.77,-0.08,0.01,0.08,0.00,0.00,0.00,0.77,0.00,0.77
635,21,-0.68,-0.21,0.71,-0.20,0.10,0.22,-0.10,0.01,0.10,0.00,0.00,0.00,0.81,0.01,0.81
636,21,-0.68,-0.21,0.72,-0.09,0.26,0.27,-0.13,-0.00,0.13,0.00,0.00,0.00,0.82,0.02,0.82
637,21,-0.69,-0.20,0.71,0.04,0.25,0.26,-0.15,-0.01,0.15,0.00,0.00,0.00,0.83,0.02,0.83
638,21,-0.68,-0.19,0.71,0.31,0.22,0.39,-0.17,-0.01,0.17,0.00,0.00,0.00,0.85,0.02,0.85
639,21,-0.67,-0.19,0.69,0.65,0.12,0.66,-0.19,-0.02,0.20,0.00,0.00,0.00,0.88,0.01,0.88
640,21,-0.64,-0.18,0.66,0.80,0.04,0.80,-0.22,-0.03,0.22,0.00,0.00,0.00,0.89,0.00,0.89
641,21,-0.62,-0.18,0.64,0.54,0.11,0.55,-0.24,-0.03,0.24,0.00,0.00,0.00,0.87,0.01,0.87
642,21,-0.60,-0.17,0.63,0.18,0.29,0.34,-0.26,-0.04,0.26,0.00,0.00,0.00,0.84,0.02,0.84
643,21,-0.60,-0.16,0.62,0.28,0.51,0.58,-0.28,-0.04,0.28,0.00,0.00,0.00,0.85,0.04,0.85
644,21,-0.58,-0.14,0.60,0.56,0.58,0.81,-0.30,-0.05,0.30,0.00,0.00,0.00,0.87,0.05,0.87
645,21,-0.57,-0.12,0.58,0.43,0.50,0.66,-0.32,-0.05,0.32,0.00,0.00,0.00,0.86,0.04,0.86
646,21,-0.55,-0.11,0.56,0.24,0.50,0.55,-0.33,-0.06,0.34,0.00,0.00,0.00,0.84,0.04,0.84
647,21,-0.54,-0.09,0.55,0.61,0.61,0.87,-0.35,-0.06,0.36,0.00,0.00,0.00,0.87,0.05,0.88
648,21,-0.51,-0.07,0.51,1.77,0.83,1.96,-0.37,-0.06,0.38,0.00,0.00,0.00,0.97,0.07,0.97
649,21,-0.42,-0.03,0.42,3.38,1.06,3.54,-0.39,-0.07,0.39,0.00,0.00,0.00,1.11,0.09,1.11
650,21,-0.29,0.00,0.29,4.48,0.98,4.59,-0.40,-0.07,0.41,0.00,0.00,0.00,1.20,0.08,1.20
651,21,-0.13,0.03,0.13,4.84,0.64,4.89,-0.41,-0.07,0.41,0.00,0.00,0.00,1.23,0.05,1.23
652,21,0.03,0.04,0.05,4.88,0.32,4.89,-0.41,-0.06,0.42,0.04,0.00,0.04,1.23,0.03,1.23
653,21,0.19,0.05,0.19,4.40,0.07,4.40,-0.41,-0.06,0.41,0.22,0.00,0.22,1.19,0.01,1.19
654,21,0.32,0.05,0.32,3.20,-0.05,3.20,-0.40,-0.06,0.40,0.35,0.00,0.35,1.09,0.00,1.09
655,21,0.40,0.05,0.40,1.58,0.04,1.59,-0.38,-0.06,0.39,0.38,0.00,0.38,0.96,0.00,0.96
656,21,0.42,0.05,0.43,0.13,0.16,0.21,-0.37,-0.06,0.37,0.35,0.00,0.35,0.83,0.01,0.83
657,21,0.41,0.06,0.42,-0.54,0.20,0.57,-0.35,-0.06,0.36,0.32,0.00,0.32,0.78,0.02,0.78
658,21,0.40,0.07,0.40,-0.48,0.22,0.53,-0.34,-0.05,0.34,0.31,0.00,0.31,0.78,0.02,0.78
659,21,0.38,0.07,0.39,-0.34,0.19,0.39,-0.33,-0.05,0.33,0.31,0.00,0.31,0.79,0.02,0.79
660,21,0.37,0.08,0.38,-0.41,0.08,0.42,-0.31,-0.05,0.32,0.29,0.00,0.29,0.79,0.01,0.79
661,21,0.36,0.08,0.37,-0.47,-0.02,0.47,-0.30,-0.05,0.31,0.28,0.00,0.28,0.78,0.00,0.78
662,22,0.34,0.08,0.35,-0.50,-0.09,0.51,-0.29,-0.04,0.29,0.27,0.00,0.27,0.78,0.00,0.78
663,22,0.32,0.07,0.33,-0.46,-0.18,0.49,-0.28,-0.04,0.28,0.25,0.00,0.25,0.78,0.00,0.78
664,22,0.31,0.07,0.32,-0.32,-0.09,0.33,-0.27,-0.04,0.27,0.25,0.00,0.25,0.80,0.00,0.80
665,22,0.30,0.07,0.31,-0.30,0.16,0.34,-0.26,-0.04,0.26,0.24,0.00,0.24,0.80,0.01,0.80
666,22,0.29,0.08,0.30,-0.32,0.34,0.47,-0.25,-0.03,0.25,0.23,0.00,0.23,0.80,0.03,0.80
667,22,0.28,0.09,0.30,-0.22,0.37,0.43,-0.24,-0.03,0.24,0.23,0.00,0.23,0.80,0.03,0.81
668,22,0.28,0.10,0.29,-0.03,0.20,0.20,-0.23,-0.03,0.23,0.23,0.00,0.23,0.82,0.02,0.82
669,22,0.28,0.10,0.30,0.13,0.02,0.13,-0.22,-0.02,0.22,0.23,0.00,0.23,0.83,0.00,0.83
670,22,0.28,0.10,0.30,0.12,-0.01,0.13,-0.21,-0.02,0.21,0.24,0.00,0.24,0.83,0.00,0.83
671,22,0.29,0.10,0.30,0.02,-0.01,0.02,-0.20,-0.02,0.20,0.24,0.00,0.24,0.82,0.00,0.82
672,22,0.28,0.10,0.30,-0.11,-0.04,0.11,-0.19,-0.01,0.19,0.23,0.00,0.23,0.81,0.00,0.81
673,22,0.28,0.10,0.30,-0.18,-0.10,0.20,-0.18,-0.01,0.18,0.23,0.00,0.23,0.81,0.00,0.81
674,22,0.28,0.10,0.29,0.03,-0.12,0.12,-0.17,-0.01,0.17,0.23,0.00,0.23,0.83,0.00,0.83
675,22,0.28,0.09,0.30,0.25,-0.01,0.25,-0.16,-0.00,0.16,0.24,0.00,0.24,0.84,0.00,0.84
676,22,0.29,0.09,0.30,0.22,0.07,0.24,-0.16,-0.00,0.16,0.24,0.00,0.24,0.84,0.01,0.84
677,22,0.30,0.10,0.31,0.23,0.02,0.23,-0.15,0.00,0.15,0.25,0.00,0.25,0.84,0.00,0.84
678,22,0.30,0.10,0.32,0.15,-0.09,0.17,-0.13,0.00,0.13,0.25,0.00,0.25,0.84,0.00,0.84
679,22,0.31,0.09,0.32,-0.05,-0.25,0.26,-0.13,0.01,0.13,0.25,0.00,0.25,0.82,0.00,0.82
680,22,0.30,0.08,0.31,-0.08,-0.33,0.34,-0.12,0.01,0.12,0.25,0.00,0.25,0.82,0.00,0.82
681,22,0.30,0.07,0.31,-0.12,-0.19,0.22,-0.10,0.01,0.11,0.24,0.00,0.24,0.81,0.00,0.81
682,22,0.29,0.07,0.30,-0.18,0.07,0.19,-0.09,0.02,0.10,0.24,0.00,0.24,0.81,0.01,0.81
683,22,0.29,0.07,0.30,0.02,0.19,0.20,-0.09,0.02,0.09,0.24,0.00,0.24,0.83,0.02,0.83
684,22,0.30,0.08,0.31,0.15,0.07,0.17,-0.08,0.02,0.08,0.25,0.00,0.25,0.84,0.01,0.84
685,22,0.30,0.08,0.31,-0.09,-0.13,0.16,-0.07,0.02,0.07,0.24,0.00,0.24,0.82,0.00,0.82
686,22,0.29,0.07,0.30,-0.35,-0.16,0.39,-0.05,0.03,0.06,0.23,0.00,0.23,0.79,0.00,0.79
687,22,0.28,0.07,0.28,-0.34,0.03,0.34,-0.05,0.03,0.05,0.22,0.00,0.22,0.79,0.00,0.79
688,22,0.27,0.07,0.28,-0.20,0.23,0.30,-0.04,0.03,0.05,0.22,0.00,0.22,0.81,0.02,0.81
689,22,0.26,0.08,0.28,-0.11,0.16,0.20,-0.03,0.03,0.04,0.21,0.00,0.21,0.81,0.01,0.81
690,22,0.26,0.08,0.27,-0.30,-0.11,0.32,-0.02,0.04,0.04,0.21,0.00,0.21,0.80,0.00,0.80
691,22,0.24,0.07,0.25,-0.79,-0.39,0.88,-0.01,0.04,0.04,0.18,0.00,0.18,0.76,0.00,0.76
692,23,0.21,0.06,0.21,-1.14,-0.52,1.25,-0.00,0.04,0.04,0.15,0.00,0.15,0.73,0.00,0.73
693,23,0.17,0.04,0.17,-1.16,-0.51,1.27,0.00,0.04,0.04,0.12,0.00,0.12,0.73,0.00,0.73
694,23,0.13,0.02,0.13,-1.20,-0.43,1.28,0.01,0.04,0.04,0.09,0.00,0.09,0.72,0.00,0.72
695,23,0.09,0.01,0.09,-1.38,-0.23,1.40,0.01,0.04,0.05,0.06,0.00,0.06,0.71,0.00,0.71
696,23,0.04,0.01,0.04,-1.45,-0.07,1.45,0.01,0.04,0.05,0.03,0.00,0.03,0.70,0.00,0.70
697,23,-0.01,0.01,0.01,-1.32,-0.14,1.32,0.02,0.04,0.05,0.00,0.00,0.00,0.71,0.00,0.71
698,23,-0.05,0.00,0.05,-1.01,-0.22,1.04,0.01,0.04,0.05,0.00,0.00,0.00,0.74,0.00,0.74
699,23,-0.07,-0.01,0.07,-0.46,-0.17,0.49,0.01,0.04,0.05,0.00,0.00,0.00,0.78,0.00,0.78
700,23,-0.08,-0.01,0.08,0.19,0.01,0.19,0.01,0.04,0.04,0.00,0.00,0.00,0.84,0.00,0.84
701,23,-0.06,-0.01,0.06,0.60,0.19,0.63,0.00,0.04,0.04,0.00,0.00,0.00,0.87,0.02,0.87
702,23,-0.04,-0.00,0.04,0.74,0.14,0.76,0.00,0.04,0.04,0.00,0.00,0.00,0.89,0.01,0.89
703,23,-0.02,0.00,0.02,0.63,-0.01,0.63,0.00,0.04,0.04,0.00,0.00,0.00,0.88,0.00,0.88
704,23,0.00,-0.00,0.00,0.42,-0.07,0.43,0.00,0.04,0.04,0.00,0.00,0.00,0.86,0.00,0.86
705,23,0.01,-0.00,0.01,0.29,-0.13,0.32,0.00,0.04,0.04,0.01,0.00,0.01,0.85,0.00,0.85
706,23,0.02,-0.01,0.02,0.09,-0.21,0.23,0.00,0.04,0.04,0.02,0.00,0.02,0.83,0.00,0.83
707,23,0.02,-0.02,0.02,-0.27,-0.31,0.41,0.00,0.04,0.04,0.01,0.00,0.01,0.80,0.00,0.80
708,23,0.00,-0.03,0.03,-0.67,-0.34,0.75,0.01,0.04,0.04,0.00,0.00,0.00,0.77,0.00,0.77
709,23,-0.03,-0.04,0.05,-0.78,-0.15,0.79,0.00,0.04,0.04,0.00,0.00,0.00,0.76,0.00,0.76
710,23,-0.05,-0.04,0.06,-0.51,0.02,0.51,0.00,0.04,0.04,0.00,0.00,0.00,0.78,0.00,0.78
711,23,-0.06,-0.04,0.07,-0.21,0.00,0.21,0.00,0.04,0.04,0.00,0.00,0.00,0.81,0.00,0.81
712,23,-0.06,-0.04,0.07,-0.01,0.00,0.01,-0.00,0.04,0.04,0.00,0.00,0.00,0.82,0.00,0.82
713,23,-0.06,-0.04,0.07,0.23,0.02,0.23,-0.00,0.04,0.04,0.00,0.00,0.00,0.84,0.00,0.84
714,23,-0.05,-0.04,0.06,0.44,-0.08,0.45,-0.01,0.03,0.03,0.00,0.00,0.00,0.86,0.00,0.86
715,23,-0.03,-0.04,0.05,0.46,-0.16,0.49,-0.01,0.03,0.03,0.00,0.00,0.00,0.86,0.00,0.86
716,23,-0.02,-0.05,0.05,0.26,-0.12,0.29,-0.01,0.03,0.03,0.00,0.00,0.00,0.85,0.00,0.85
717,23,-0.01,-0.05,0.05,0.07,-0.00,0.07,-0.01,0.03,0.03,0.00,0.00,0.00,0.83,0.00,0.83
718,23,-0.01,-0.05,0.05,0.07,0.22,0.23,-0.01,0.03,0.03,0.00,0.00,0.00,0.83,0.02,0.83
719,23,-0.01,-0.04,0.04,0.17,0.31,0.35,-0.01,0.03,0.03,0.00,0.00,0.00,0.84,0.03,0.84
720,23,-0.00,-0.03,0.03,0.20,0.12,0.23,-0.01,0.03,0.03,0.00,0.00,0.00,0.84,0.01,0.84
721,23,0.00,-0.03,0.03,0.06,-0.07,0.09,-0.01,0.02,0.03,0.00,0.00,0.00,0.83,0.00,0.83
722,24,0.00,-0.03,0.03,-0.08,-0.13,0.16,-0.01,0.02,0.03,0.00,0.00,0.00,0.82,0.00,0.82
723,24,-0.00,-0.04,0.04,-0.01,-0.04,0.04,-0.01,0.02,0.02,0.00,0.00,0.00,0.82,0.00,0.82
724,24,0.00,-0.03,0.03,0.11,0.21,0.24,-0.01,0.02,0.02,0.00,0.00,0.00,0.83,0.02,0.83
725,24,0.01,-0.02,0.03,0.11,0.28,0.30,-0.01,0.02,0.02,0.00,0.00,0.00,0.83,0.02,0.83
726,24,0.01,-0.02,0.02,0.06,0.10,0.11,-0.01,0.02,0.02,0.01,0.00,0.01,0.83,0.01,0.83
727,24,0.01,-0.02,0.02,-0.07,-0.06,0.10,-0.01,0.02,0.02,0.01,0.00,0.01,0.82,0.00,0.82
728,24,0.00,-0.02,0.02,-0.23,-0.06,0.24,-0.01,0.02,0.02,0.00,0.00,0.00,0.80,0.00,0.80
729,24,-0.00,-0.02,0.02,-0.22,0.08,0.23,-0.01,0.02,0.02,0.00,0.00,0.00,0.80,0.01,0.80
730,24,-0.01,-0.01,0.02,-0.12,0.21,0.24,-0.01,0.02,0.02,0.00,0.00,0.00,0.81,0.02,0.81
731,24,-0.01,-0.01,0.01,0.00,0.22,0.22,-0.01,0.02,0.02,0.00,0.00,0.00,0.82,0.02,0.82
732,24,-0.01,-0.00,0.01,0.10,0.16,0.19,-0.01,0.02,0.02,0.00,0.00,0.00,0.83,0.01,0.83
733,24,-0.01,0.00,0.01,0.06,0.06,0.09,-0.01,0.02,0.02,0.00,0.00,0.00,0.83,0.01,0.83
734,24,-0.01,0.00,0.01,0.00,-0.08,0.08,-0.01,0.02,0.02,0.00,0.00,0.00,0.82,0.00,0.82
735,24,-0.00,-0.00,0.01,0.14,-0.22,0.26,-0.01,0.02,0.02,0.00,0.00,0.00,0.83,0.00,0.83
736,24,0.00,-0.01,0.01,0.32,-0.26,0.42,-0.01,0.02,0.02,0.00,0.00,0.00,0.85,0.00,0.85
737,24,0.01,-0.02,0.02,0.31,-0.12,0.34,-0.01,0.02,0.02,0.01,0.00,0.01,0.85,0.00,0.85
738,24,0.02,-0.02,0.03,0.14,0.03,0.14,-0.01,0.02,0.02,0.02,0.00,0.02,0.83,0.00,0.83
739,24,0.02,-0.02,0.03,-0.07,0.05,0.08,-0.01,0.01,0.02,0.02,0.00,0.02,0.82,0.00,0.82
740,24,0.02,-0.02,0.03,-0.12,0.06,0.14,-0.01,0.01,0.02,0.02,0.00,0.02,0.81,0.01,0.81
741,24,0.02,-0.01,0.02,0.01,0.19,0.19,-0.01,0.01,0.01,0.01,0.00,0.01,0.82,0.02,0.82
742,24,0.02,-0.00,0.02,0.12,0.31,0.33,-0.01,0.01,0.01,0.02,0.00,0.02,0.83,0.03,0.83
743,24,0.02,0.01,0.03,0.17,0.37,0.41,-0.00,0.01,0.01,0.02,0.00,0.02,0.84,0.03,0.84
744,24,0.03,0.02,0.04,0.18,0.39,0.43,-0.00,0.01,0.01,0.03,0.00,0.03,0.84,0.03,0.84
745,24,0.03,0.03,0.05,-0.03,0.36,0.36,-0.00,0.01,0.01,0.03,0.00,0.03,0.82,0.03,0.82
746,24,0.03,0.05,0.06,-0.33,0.51,0.61,-0.00,0.02,0.02,0.02,0.00,0.02,0.80,0.04,0.80
747,24,0.01,0.07,0.07,-0.53,0.78,0.94,-0.00,0.02,0.02,0.01,0.00,0.01,0.78,0.07,0.78
748,24,-0.01,0.09,0.09,-0.60,0.75,0.96,-0.00,0.02,0.02,0.00,0.01,0.01,0.77,0.06,0.78
749,24,-0.02,0.12,0.12,-0.39,0.56,0.68,-0.00,0.02,0.02,0.00,0.01,0.01,0.79,0.05,0.79
750,24,-0.03,0.13,0.14,0.02,0.48,0.49,-0.00,0.03,0.03,0.00,0.01,0.01,0.83,0.04,0.83
751,24,-0.02,0.15,0.15,0.22,0.44,0.49,-0.00,0.03,0.03,0.00,0.01,0.01,0.84,0.04,0.84
752,25,-0.02,0.16,0.16,0.20,0.44,0.48,-0.00,0.04,0.04,0.00,0.01,0.01,0.84,0.04,0.84
753,25,-0.01,0.18,0.18,0.22,0.38,0.44,-0.00,0.04,0.04,0.00,0.01,0.01,0.84,0.03,0.84
754,25,-0.00,0.19,0.19,0.15,0.30,0.33,-0.00,0.05,0.05,0.00,0.00,0.00,0.84,0.02,0.84
755,25,-0.00,0.20,0.20,0.02,0.48,0.48,-0.01,0.06,0.06,0.00,0.01,0.01,0.82,0.04,0.83
756,25,-0.00,0.22,0.22,-0.12,0.81,0.82,-0.00,0.06,0.06,0.00,0.02,0.02,0.81,0.07,0.82
757,25,-0.01,0.25,0.25,-0.42,0.78,0.89,-0.00,0.07,0.07,0.00,0.02,0.02,0.79,0.07,0.79
758,25,-0.03,0.27,0.27,-0.71,0.33,0.78,-0.00,0.08,0.08,0.00,0.01,0.01,0.76,0.03,0.76
759,25,-0.05,0.27,0.28,-0.70,-0.15,0.72,-0.01,0.09,0.09,0.00,0.00,0.00,0.76,0.00,0.76
760,25,-0.07,0.26,0.27,-0.49,-0.29,0.56,-0.01,0.10,0.10,0.00,0.00,0.00,0.78,0.00,0.78
761,25,-0.09,0.26,0.27,-0.32,-0.13,0.35,-0.01,0.11,0.11,0.00,0.00,0.00,0.80,0.00,0.80
762,25,-0.10,0.25,0.27,-0.33,-0.02,0.33,-0.01,0.12,0.12,0.00,0.00,0.00,0.80,0.00,0.80
763,25,-0.11,0.26,0.28,-0.59,0.04,0.59,-0.02,0.12,0.13,0.00,0.00,0.00,0.77,0.00,0.77
764,25,-0.14,0.26,0.29,-0.91,0.19,0.93,-0.02,0.13,0.13,0.00,0.00,0.00,0.75,0.02,0.75
765,25,-0.17,0.27,0.32,-0.94,0.36,1.01,-0.03,0.14,0.14,0.00,0.01,0.01,0.74,0.03,0.74
766,25,-0.20,0.28,0.35,-0.68,0.54,0.87,-0.03,0.15,0.15,0.00,0.01,0.01,0.77,0.05,0.77
767,25,-0.21,0.30,0.37,-0.32,0.58,0.66,-0.04,0.16,0.16,0.00,0.01,0.01,0.80,0.05,0.80
768,25,-0.22,0.32,0.39,-0.32,0.49,0.58,-0.05,0.17,0.18,0.00,0.01,0.01,0.80,0.04,0.80
769,25,-0.24,0.34,0.41,-0.89,0.49,1.01,-0.06,0.18,0.19,0.00,0.01,0.01,0.75,0.04,0.75
770,25,-0.28,0.35,0.45,-1.43,0.35,1.47,-0.06,0.19,0.20,0.00,0.01,0.01,0.70,0.03,0.70
771,25,-0.33,0.36,0.49,-1.40,-0.03,1.40,-0.07,0.20,0.22,0.00,0.00,0.00,0.71,0.00,0.71
772,25,-0.36,0.35,0.50,-0.36,-0.31,0.48,-0.09,0.22,0.23,0.00,0.00,0.00,0.79,0.00,0.79
773,25,-0.34,0.34,0.48,1.63,-0.37,1.67,-0.10,0.23,0.25,0.00,0.00,0.00,0.96,0.00,0.96
774,25,-0.26,0.33,0.42,3.03,-0.34,3.05,-0.11,0.24,0.26,0.00,0.00,0.00,1.08,0.00,1.08
775,25,-0.16,0.31,0.35,2.93,-0.42,2.96,-0.12,0.25,0.28,0.00,0.00,0.00,1.07,0.00,1.07
776,25,-0.07,0.30,0.31,1.99,-0.64,2.09,-0.12,0.26,0.29,0.00,0.00,0.00,0.99,0.00,0.99
777,25,-0.03,0.21,0.21,0.00,0.00,0.00,-0.12,0.27,0.30,0.00,0.00,0.00,0.82,0.00,0.82
778,25,-0.01,0.07,0.07,0.00,0.00,0.00,-0.12,0.28,0.30,0.00,0.00,0.00,0.82,0.00,0.82
779,25,0.00,0.00,0.00,0.00,0.00,0.00,-0.12,0.29,0.31,0.00,0.00,0.00,0.82,0.00,0.82
